# messageDelay  cumulativeProbability
0.0100 0.0005
0.0100 0.0009
0.0100 0.0014
0.0100 0.0019
0.0100 0.0023
0.0100 0.0028
0.0100 0.0033
0.0100 0.0037
0.0100 0.0042
0.0100 0.0047
0.0100 0.0051
0.0100 0.0056
0.0100 0.0061
0.0100 0.0065
0.0100 0.0070
0.0100 0.0075
0.0100 0.0079
0.0100 0.0084
0.0100 0.0089
0.0100 0.0093
0.0100 0.0098
0.0100 0.0103
0.0100 0.0107
0.0100 0.0112
0.0100 0.0117
0.0100 0.0121
0.0100 0.0126
0.0100 0.0131
0.0100 0.0135
0.0100 0.0140
0.0100 0.0145
0.0100 0.0149
0.0100 0.0154
0.0100 0.0159
0.0100 0.0163
0.0100 0.0168
0.0100 0.0172
0.0100 0.0177
0.0100 0.0182
0.0100 0.0186
0.0100 0.0191
0.0100 0.0196
0.0100 0.0200
0.0100 0.0205
0.0100 0.0210
0.0100 0.0214
0.0100 0.0219
0.0100 0.0224
0.0100 0.0228
0.0100 0.0233
0.0100 0.0238
0.0100 0.0242
0.0100 0.0247
0.0100 0.0252
0.0100 0.0256
0.0100 0.0261
0.0100 0.0266
0.0100 0.0270
0.0100 0.0275
0.0100 0.0280
0.0100 0.0284
0.0100 0.0289
0.0100 0.0294
0.0100 0.0298
0.0100 0.0303
0.0100 0.0308
0.0100 0.0312
0.0100 0.0317
0.0100 0.0322
0.0100 0.0326
0.0100 0.0331
0.0100 0.0336
0.0100 0.0340
0.0100 0.0345
0.0100 0.0350
0.0100 0.0354
0.0100 0.0359
0.0100 0.0364
0.0100 0.0368
0.0100 0.0373
0.0100 0.0378
0.0100 0.0382
0.0100 0.0387
0.0100 0.0392
0.0100 0.0396
0.0100 0.0401
0.0100 0.0406
0.0100 0.0410
0.0100 0.0415
0.0100 0.0420
0.0100 0.0424
0.0100 0.0429
0.0100 0.0434
0.0100 0.0438
0.0100 0.0443
0.0100 0.0448
0.0100 0.0452
0.0100 0.0457
0.0100 0.0462
0.0100 0.0466
0.0100 0.0471
0.0100 0.0476
0.0100 0.0480
0.0100 0.0485
0.0100 0.0490
0.0100 0.0494
0.0100 0.0499
0.0100 0.0503
0.0100 0.0508
0.0100 0.0513
0.0100 0.0517
0.0100 0.0522
0.0100 0.0527
0.0100 0.0531
0.0100 0.0536
0.0100 0.0541
0.0100 0.0545
0.0100 0.0550
0.0100 0.0555
0.0100 0.0559
0.0100 0.0564
0.0100 0.0569
0.0100 0.0573
0.0100 0.0578
0.0100 0.0583
0.0100 0.0587
0.0100 0.0592
0.0100 0.0597
0.0100 0.0601
0.0100 0.0606
0.0100 0.0611
0.0100 0.0615
0.0100 0.0620
0.0100 0.0625
0.0100 0.0629
0.0100 0.0634
0.0100 0.0639
0.0100 0.0643
0.0100 0.0648
0.0100 0.0653
0.0100 0.0657
0.0100 0.0662
0.0100 0.0667
0.0100 0.0671
0.0100 0.0676
0.0100 0.0681
0.0100 0.0685
0.0100 0.0690
0.0100 0.0695
0.0100 0.0699
0.0100 0.0704
0.0100 0.0709
0.0100 0.0713
0.0100 0.0718
0.0100 0.0723
0.0100 0.0727
0.0100 0.0732
0.0100 0.0737
0.0100 0.0741
0.0100 0.0746
0.0100 0.0751
0.0100 0.0755
0.0100 0.0760
0.0100 0.0765
0.0100 0.0769
0.0100 0.0774
0.0100 0.0779
0.0100 0.0783
0.0100 0.0788
0.0100 0.0793
0.0100 0.0797
0.0100 0.0802
0.0100 0.0807
0.0100 0.0811
0.0100 0.0816
0.0100 0.0821
0.0100 0.0825
0.0100 0.0830
0.0100 0.0834
0.0100 0.0839
0.0100 0.0844
0.0100 0.0848
0.0100 0.0853
0.0100 0.0858
0.0100 0.0862
0.0100 0.0867
0.0100 0.0872
0.0100 0.0876
0.0100 0.0881
0.0100 0.0886
0.0100 0.0890
0.0100 0.0895
0.0100 0.0900
0.0100 0.0904
0.0100 0.0909
0.0100 0.0914
0.0100 0.0918
0.0100 0.0923
0.0100 0.0928
0.0100 0.0932
0.0100 0.0937
0.0100 0.0942
0.0100 0.0946
0.0100 0.0951
0.0100 0.0956
0.0100 0.0960
0.0100 0.0965
0.0100 0.0970
0.0100 0.0974
0.0100 0.0979
0.0100 0.0984
0.0100 0.0988
0.0100 0.0993
0.0100 0.0998
0.0100 0.1002
0.0100 0.1007
0.0100 0.1012
0.0100 0.1016
0.0100 0.1021
0.0100 0.1026
0.0100 0.1030
0.0100 0.1035
0.0100 0.1040
0.0100 0.1044
0.0100 0.1049
0.0100 0.1054
0.0100 0.1058
0.0100 0.1063
0.0100 0.1068
0.0100 0.1072
0.0100 0.1077
0.0100 0.1082
0.0100 0.1086
0.0100 0.1091
0.0100 0.1096
0.0100 0.1100
0.0100 0.1105
0.0100 0.1110
0.0100 0.1114
0.0100 0.1119
0.0100 0.1124
0.0100 0.1128
0.0100 0.1133
0.0100 0.1138
0.0100 0.1142
0.0100 0.1147
0.0100 0.1152
0.0100 0.1156
0.0100 0.1161
0.0100 0.1166
0.0100 0.1170
0.0100 0.1175
0.0100 0.1179
0.0100 0.1184
0.0100 0.1189
0.0100 0.1193
0.0100 0.1198
0.0100 0.1203
0.0100 0.1207
0.0100 0.1212
0.0100 0.1217
0.0100 0.1221
0.0100 0.1226
0.0100 0.1231
0.0100 0.1235
0.0100 0.1240
0.0100 0.1245
0.0100 0.1249
0.0100 0.1254
0.0100 0.1259
0.0100 0.1263
0.0100 0.1268
0.0100 0.1273
0.0100 0.1277
0.0100 0.1282
0.0100 0.1287
0.0100 0.1291
0.0100 0.1296
0.0100 0.1301
0.0100 0.1305
0.0100 0.1310
0.0100 0.1315
0.0100 0.1319
0.0100 0.1324
0.0100 0.1329
0.0100 0.1333
0.0100 0.1338
0.0100 0.1343
0.0100 0.1347
0.0100 0.1352
0.0100 0.1357
0.0100 0.1361
0.0100 0.1366
0.0100 0.1371
0.0100 0.1375
0.0100 0.1380
0.0100 0.1385
0.0100 0.1389
0.0100 0.1394
0.0100 0.1399
0.0100 0.1403
0.0100 0.1408
0.0100 0.1413
0.0100 0.1417
0.0100 0.1422
0.0100 0.1427
0.0100 0.1431
0.0100 0.1436
0.0100 0.1441
0.0100 0.1445
0.0100 0.1450
0.0100 0.1455
0.0100 0.1459
0.0100 0.1464
0.0100 0.1469
0.0100 0.1473
0.0100 0.1478
0.0100 0.1483
0.0100 0.1487
0.0100 0.1492
0.0100 0.1497
0.0100 0.1501
0.0100 0.1506
0.0100 0.1510
0.0100 0.1515
0.0100 0.1520
0.0100 0.1524
0.0100 0.1529
0.0100 0.1534
0.0100 0.1538
0.0100 0.1543
0.0100 0.1548
0.0100 0.1552
0.0100 0.1557
0.0100 0.1562
0.0100 0.1566
0.0100 0.1571
0.0100 0.1576
0.0100 0.1580
0.0100 0.1585
0.0100 0.1590
0.0100 0.1594
0.0100 0.1599
0.0100 0.1604
0.0100 0.1608
0.0100 0.1613
0.0100 0.1618
0.0100 0.1622
0.0100 0.1627
0.0100 0.1632
0.0100 0.1636
0.0100 0.1641
0.0100 0.1646
0.0100 0.1650
0.0100 0.1655
0.0100 0.1660
0.0100 0.1664
0.0100 0.1669
0.0100 0.1674
0.0100 0.1678
0.0100 0.1683
0.0100 0.1688
0.0100 0.1692
0.0100 0.1697
0.0100 0.1702
0.0100 0.1706
0.0100 0.1711
0.0100 0.1716
0.0100 0.1720
0.0100 0.1725
0.0100 0.1730
0.0100 0.1734
0.0100 0.1739
0.0100 0.1744
0.0100 0.1748
0.0100 0.1753
0.0100 0.1758
0.0100 0.1762
0.0100 0.1767
0.0100 0.1772
0.0100 0.1776
0.0100 0.1781
0.0100 0.1786
0.0100 0.1790
0.0100 0.1795
0.0100 0.1800
0.0100 0.1804
0.0100 0.1809
0.0100 0.1814
0.0100 0.1818
0.0100 0.1823
0.0100 0.1828
0.0100 0.1832
0.0100 0.1837
0.0100 0.1841
0.0100 0.1846
0.0100 0.1851
0.0100 0.1855
0.0100 0.1860
0.0100 0.1865
0.0100 0.1869
0.0100 0.1874
0.0100 0.1879
0.0100 0.1883
0.0100 0.1888
0.0100 0.1893
0.0100 0.1897
0.0100 0.1902
0.0100 0.1907
0.0100 0.1911
0.0100 0.1916
0.0100 0.1921
0.0100 0.1925
0.0100 0.1930
0.0100 0.1935
0.0100 0.1939
0.0100 0.1944
0.0100 0.1949
0.0100 0.1953
0.0100 0.1958
0.0100 0.1963
0.0100 0.1967
0.0100 0.1972
0.0100 0.1977
0.0100 0.1981
0.0100 0.1986
0.0100 0.1991
0.0100 0.1995
0.0100 0.2000
0.0100 0.2005
0.0100 0.2009
0.0100 0.2014
0.0100 0.2019
0.0100 0.2023
0.0100 0.2028
0.0100 0.2033
0.0100 0.2037
0.0100 0.2042
0.0100 0.2047
0.0100 0.2051
0.0100 0.2056
0.0100 0.2061
0.0100 0.2065
0.0100 0.2070
0.0100 0.2075
0.0100 0.2079
0.0100 0.2084
0.0100 0.2089
0.0100 0.2093
0.0100 0.2098
0.0100 0.2103
0.0100 0.2107
0.0100 0.2112
0.0100 0.2117
0.0100 0.2121
0.0100 0.2126
0.0100 0.2131
0.0100 0.2135
0.0100 0.2140
0.0100 0.2145
0.0100 0.2149
0.0100 0.2154
0.0100 0.2159
0.0100 0.2163
0.0100 0.2168
0.0100 0.2172
0.0100 0.2177
0.0100 0.2182
0.0100 0.2186
0.0100 0.2191
0.0100 0.2196
0.0100 0.2200
0.0100 0.2205
0.0100 0.2210
0.0100 0.2214
0.0100 0.2219
0.0100 0.2224
0.0100 0.2228
0.0100 0.2233
0.0100 0.2238
0.0100 0.2242
0.0100 0.2247
0.0100 0.2252
0.0100 0.2256
0.0100 0.2261
0.0100 0.2266
0.0100 0.2270
0.0100 0.2275
0.0100 0.2280
0.0100 0.2284
0.0100 0.2289
0.0100 0.2294
0.0100 0.2298
0.0100 0.2303
0.0100 0.2308
0.0100 0.2312
0.0100 0.2317
0.0100 0.2322
0.0100 0.2326
0.0100 0.2331
0.0100 0.2336
0.0100 0.2340
0.0100 0.2345
0.0100 0.2350
0.0100 0.2354
0.0100 0.2359
0.0100 0.2364
0.0100 0.2368
0.0100 0.2373
0.0100 0.2378
0.0100 0.2382
0.0100 0.2387
0.0100 0.2392
0.0100 0.2396
0.0100 0.2401
0.0100 0.2406
0.0100 0.2410
0.0100 0.2415
0.0100 0.2420
0.0100 0.2424
0.0100 0.2429
0.0100 0.2434
0.0100 0.2438
0.0100 0.2443
0.0100 0.2448
0.0100 0.2452
0.0100 0.2457
0.0100 0.2462
0.0100 0.2466
0.0100 0.2471
0.0100 0.2476
0.0100 0.2480
0.0100 0.2485
0.0100 0.2490
0.0100 0.2494
0.0100 0.2499
0.0100 0.2503
0.0100 0.2508
0.0100 0.2513
0.0100 0.2517
0.0100 0.2522
0.0100 0.2527
0.0100 0.2531
0.0100 0.2536
0.0100 0.2541
0.0100 0.2545
0.0100 0.2550
0.0100 0.2555
0.0100 0.2559
0.0100 0.2564
0.0100 0.2569
0.0100 0.2573
0.0100 0.2578
0.0100 0.2583
0.0100 0.2587
0.0100 0.2592
0.0100 0.2597
0.0100 0.2601
0.0100 0.2606
0.0100 0.2611
0.0100 0.2615
0.0100 0.2620
0.0100 0.2625
0.0100 0.2629
0.0100 0.2634
0.0100 0.2639
0.0100 0.2643
0.0100 0.2648
0.0100 0.2653
0.0100 0.2657
0.0100 0.2662
0.0100 0.2667
0.0100 0.2671
0.0100 0.2676
0.0100 0.2681
0.0100 0.2685
0.0100 0.2690
0.0100 0.2695
0.0100 0.2699
0.0100 0.2704
0.0100 0.2709
0.0100 0.2713
0.0100 0.2718
0.0100 0.2723
0.0100 0.2727
0.0100 0.2732
0.0100 0.2737
0.0100 0.2741
0.0100 0.2746
0.0100 0.2751
0.0100 0.2755
0.0100 0.2760
0.0100 0.2765
0.0100 0.2769
0.0100 0.2774
0.0100 0.2779
0.0100 0.2783
0.0100 0.2788
0.0100 0.2793
0.0100 0.2797
0.0100 0.2802
0.0100 0.2807
0.0100 0.2811
0.0100 0.2816
0.0100 0.2821
0.0100 0.2825
0.0100 0.2830
0.0100 0.2834
0.0100 0.2839
0.0100 0.2844
0.0100 0.2848
0.0100 0.2853
0.0100 0.2858
0.0100 0.2862
0.0100 0.2867
0.0100 0.2872
0.0100 0.2876
0.0100 0.2881
0.0100 0.2886
0.0100 0.2890
0.0100 0.2895
0.0100 0.2900
0.0100 0.2904
0.0100 0.2909
0.0100 0.2914
0.0100 0.2918
0.0100 0.2923
0.0100 0.2928
0.0100 0.2932
0.0100 0.2937
0.0100 0.2942
0.0100 0.2946
0.0100 0.2951
0.0100 0.2956
0.0100 0.2960
0.0100 0.2965
0.0100 0.2970
0.0100 0.2974
0.0100 0.2979
0.0100 0.2984
0.0100 0.2988
0.0100 0.2993
0.0100 0.2998
0.0100 0.3002
0.0100 0.3007
0.0100 0.3012
0.0100 0.3016
0.0100 0.3021
0.0100 0.3026
0.0100 0.3030
0.0100 0.3035
0.0100 0.3040
0.0100 0.3044
0.0100 0.3049
0.0100 0.3054
0.0100 0.3058
0.0100 0.3063
0.0100 0.3068
0.0100 0.3072
0.0100 0.3077
0.0100 0.3082
0.0100 0.3086
0.0100 0.3091
0.0100 0.3096
0.0100 0.3100
0.0100 0.3105
0.0100 0.3110
0.0100 0.3114
0.0100 0.3119
0.0100 0.3124
0.0100 0.3128
0.0100 0.3133
0.0100 0.3138
0.0100 0.3142
0.0100 0.3147
0.0100 0.3152
0.0100 0.3156
0.0100 0.3161
0.0100 0.3166
0.0100 0.3170
0.0100 0.3175
0.0100 0.3179
0.0100 0.3184
0.0100 0.3189
0.0100 0.3193
0.0100 0.3198
0.0100 0.3203
0.0100 0.3207
0.0100 0.3212
0.0100 0.3217
0.0100 0.3221
0.0100 0.3226
0.0100 0.3231
0.0100 0.3235
0.0100 0.3240
0.0100 0.3245
0.0100 0.3249
0.0100 0.3254
0.0100 0.3259
0.0100 0.3263
0.0100 0.3268
0.0100 0.3273
0.0100 0.3277
0.0100 0.3282
0.0100 0.3287
0.0100 0.3291
0.0100 0.3296
0.0100 0.3301
0.0100 0.3305
0.0100 0.3310
0.0100 0.3315
0.0100 0.3319
0.0100 0.3324
0.0100 0.3329
0.0100 0.3333
0.0100 0.3338
0.0100 0.3343
0.0100 0.3347
0.0100 0.3352
0.0100 0.3357
0.0100 0.3361
0.0100 0.3366
0.0100 0.3371
0.0100 0.3375
0.0100 0.3380
0.0100 0.3385
0.0100 0.3389
0.0100 0.3394
0.0100 0.3399
0.0100 0.3403
0.0100 0.3408
0.0100 0.3413
0.0100 0.3417
0.0100 0.3422
0.0100 0.3427
0.0100 0.3431
0.0100 0.3436
0.0100 0.3441
0.0100 0.3445
0.0200 0.3450
0.0200 0.3455
0.0200 0.3459
0.0200 0.3464
0.0200 0.3469
0.0200 0.3473
0.0200 0.3478
0.0200 0.3483
0.0200 0.3487
0.0200 0.3492
0.0200 0.3497
0.0200 0.3501
0.0200 0.3506
0.0200 0.3510
0.0200 0.3515
0.0200 0.3520
0.0200 0.3524
0.0200 0.3529
0.0200 0.3534
0.0200 0.3538
0.0200 0.3543
0.0200 0.3548
0.0200 0.3552
0.0200 0.3557
0.0200 0.3562
0.0200 0.3566
0.0200 0.3571
0.0200 0.3576
0.0200 0.3580
0.0200 0.3585
0.0200 0.3590
0.0200 0.3594
0.0200 0.3599
0.0200 0.3604
0.0200 0.3608
0.0200 0.3613
0.0200 0.3618
0.0200 0.3622
0.0200 0.3627
0.0200 0.3632
0.0200 0.3636
0.0200 0.3641
0.0200 0.3646
0.0200 0.3650
0.0200 0.3655
0.0200 0.3660
0.0200 0.3664
0.0200 0.3669
0.0200 0.3674
0.0200 0.3678
0.0200 0.3683
0.0200 0.3688
0.0200 0.3692
0.0200 0.3697
0.0200 0.3702
0.0200 0.3706
0.0200 0.3711
0.0200 0.3716
0.0200 0.3720
0.0200 0.3725
0.0200 0.3730
0.0200 0.3734
0.0200 0.3739
0.0200 0.3744
0.0200 0.3748
0.0200 0.3753
0.0200 0.3758
0.0200 0.3762
0.0200 0.3767
0.0200 0.3772
0.0200 0.3776
0.0200 0.3781
0.0200 0.3786
0.0200 0.3790
0.0200 0.3795
0.0200 0.3800
0.0200 0.3804
0.0200 0.3809
0.0200 0.3814
0.0200 0.3818
0.0200 0.3823
0.0200 0.3828
0.0200 0.3832
0.0200 0.3837
0.0200 0.3841
0.0200 0.3846
0.0200 0.3851
0.0200 0.3855
0.0200 0.3860
0.0200 0.3865
0.0200 0.3869
0.0200 0.3874
0.0200 0.3879
0.0200 0.3883
0.0200 0.3888
0.0200 0.3893
0.0200 0.3897
0.0200 0.3902
0.0200 0.3907
0.0200 0.3911
0.0200 0.3916
0.0200 0.3921
0.0200 0.3925
0.0200 0.3930
0.0200 0.3935
0.0200 0.3939
0.0200 0.3944
0.0200 0.3949
0.0200 0.3953
0.0200 0.3958
0.0200 0.3963
0.0200 0.3967
0.0200 0.3972
0.0200 0.3977
0.0200 0.3981
0.0200 0.3986
0.0200 0.3991
0.0200 0.3995
0.0200 0.4000
0.0200 0.4005
0.0200 0.4009
0.0200 0.4014
0.0200 0.4019
0.0200 0.4023
0.0200 0.4028
0.0200 0.4033
0.0200 0.4037
0.0200 0.4042
0.0200 0.4047
0.0200 0.4051
0.0200 0.4056
0.0200 0.4061
0.0200 0.4065
0.0200 0.4070
0.0200 0.4075
0.0200 0.4079
0.0200 0.4084
0.0200 0.4089
0.0200 0.4093
0.0200 0.4098
0.0200 0.4103
0.0200 0.4107
0.0200 0.4112
0.0200 0.4117
0.0200 0.4121
0.0200 0.4126
0.0200 0.4131
0.0200 0.4135
0.0200 0.4140
0.0200 0.4145
0.0200 0.4149
0.0200 0.4154
0.0200 0.4159
0.0200 0.4163
0.0200 0.4168
0.0200 0.4172
0.0200 0.4177
0.0200 0.4182
0.0200 0.4186
0.0200 0.4191
0.0200 0.4196
0.0500 0.4200
