# messageDelay  cumulativeProbability
0.0100 0.0012
0.0100 0.0024
0.0100 0.0035
0.0100 0.0047
0.0100 0.0059
0.0100 0.0071
0.0100 0.0082
0.0100 0.0094
0.0100 0.0106
0.0100 0.0118
0.0100 0.0129
0.0100 0.0141
0.0100 0.0153
0.0100 0.0165
0.0100 0.0176
0.0100 0.0188
0.0100 0.0200
0.0100 0.0212
0.0100 0.0224
0.0100 0.0235
0.0100 0.0247
0.0100 0.0259
0.0100 0.0271
0.0100 0.0282
0.0100 0.0294
0.0100 0.0306
0.0100 0.0318
0.0100 0.0329
0.0100 0.0341
0.0100 0.0353
0.0100 0.0365
0.0100 0.0376
0.0100 0.0388
0.0100 0.0400
0.0100 0.0412
0.0100 0.0424
0.0100 0.0435
0.0100 0.0447
0.0100 0.0459
0.0100 0.0471
0.0100 0.0482
0.0100 0.0494
0.0100 0.0506
0.0100 0.0518
0.0100 0.0529
0.0100 0.0541
0.0100 0.0553
0.0100 0.0565
0.0100 0.0576
0.0100 0.0588
0.0100 0.0600
0.0100 0.0612
0.0100 0.0624
0.0100 0.0635
0.0100 0.0647
0.0100 0.0659
0.0100 0.0671
0.0100 0.0682
0.0100 0.0694
0.0100 0.0706
0.0100 0.0718
0.0100 0.0729
0.0100 0.0741
0.0100 0.0753
0.0100 0.0765
0.0100 0.0776
0.0100 0.0788
0.0100 0.0800
0.0100 0.0812
0.0100 0.0824
0.0100 0.0835
0.0100 0.0847
0.0100 0.0859
0.0100 0.0871
0.0100 0.0882
0.0100 0.0894
0.0100 0.0906
0.0100 0.0918
0.0100 0.0929
0.0100 0.0941
0.0100 0.0953
0.0100 0.0965
0.0100 0.0976
0.0100 0.0988
0.0100 0.1000
0.0100 0.1012
0.0100 0.1024
0.0100 0.1035
0.0100 0.1047
0.0100 0.1059
0.0100 0.1071
0.0100 0.1082
0.0100 0.1094
0.0100 0.1106
0.0100 0.1118
0.0100 0.1129
0.0100 0.1141
0.0100 0.1153
0.0100 0.1165
0.0100 0.1176
0.0100 0.1188
0.0100 0.1200
0.0100 0.1212
0.0100 0.1224
0.0100 0.1235
0.0100 0.1247
0.0100 0.1259
0.0100 0.1271
0.0100 0.1282
0.0100 0.1294
0.0100 0.1306
0.0100 0.1318
0.0100 0.1329
0.0100 0.1341
0.0100 0.1353
0.0100 0.1365
0.0100 0.1376
0.0100 0.1388
0.0100 0.1400
0.0100 0.1412
0.0100 0.1424
0.0100 0.1435
0.0100 0.1447
0.0100 0.1459
0.0100 0.1471
0.0100 0.1482
0.0100 0.1494
0.0100 0.1506
0.0100 0.1518
0.0100 0.1529
0.0100 0.1541
0.0100 0.1553
0.0100 0.1565
0.0100 0.1576
0.0100 0.1588
0.0100 0.1600
0.0100 0.1612
0.0100 0.1624
0.0100 0.1635
0.0100 0.1647
0.0100 0.1659
0.0100 0.1671
0.0100 0.1682
0.0100 0.1694
0.0100 0.1706
0.0100 0.1718
0.0100 0.1729
0.0100 0.1741
0.0100 0.1753
0.0100 0.1765
0.0100 0.1776
0.0100 0.1788
0.0100 0.1800
0.0100 0.1812
0.0100 0.1824
0.0100 0.1835
0.0100 0.1847
0.0100 0.1859
0.0100 0.1871
0.0100 0.1882
0.0100 0.1894
0.0100 0.1906
0.0100 0.1918
0.0100 0.1929
0.0100 0.1941
0.0100 0.1953
0.0100 0.1965
0.0100 0.1976
0.0100 0.1988
0.0100 0.2000
0.0100 0.2012
0.0100 0.2024
0.0100 0.2035
0.0100 0.2047
0.0100 0.2059
0.0100 0.2071
0.0100 0.2082
0.0100 0.2094
0.0100 0.2106
0.0100 0.2118
0.0100 0.2129
0.0100 0.2141
0.0100 0.2153
0.0100 0.2165
0.0100 0.2176
0.0100 0.2188
0.0100 0.2200
0.0100 0.2212
0.0100 0.2224
0.0100 0.2235
0.0100 0.2247
0.0100 0.2259
0.0100 0.2271
0.0100 0.2282
0.0100 0.2294
0.0100 0.2306
0.0100 0.2318
0.0100 0.2329
0.0100 0.2341
0.0100 0.2353
0.0100 0.2365
0.0100 0.2376
0.0100 0.2388
0.0100 0.2400
0.0100 0.2412
0.0100 0.2424
0.0100 0.2435
0.0100 0.2447
0.0100 0.2459
0.0100 0.2471
0.0100 0.2482
0.0100 0.2494
0.0100 0.2506
0.0100 0.2518
0.0100 0.2529
0.0100 0.2541
0.0100 0.2553
0.0100 0.2565
0.0100 0.2576
0.0100 0.2588
0.0100 0.2600
0.0100 0.2612
0.0100 0.2624
0.0100 0.2635
0.0100 0.2647
0.0100 0.2659
0.0100 0.2671
0.0100 0.2682
0.0100 0.2694
0.0100 0.2706
0.0100 0.2718
0.0100 0.2729
0.0100 0.2741
0.0100 0.2753
0.0100 0.2765
0.0100 0.2776
0.0100 0.2788
0.0100 0.2800
0.0100 0.2812
0.0100 0.2824
0.0100 0.2835
0.0100 0.2847
0.0100 0.2859
0.0100 0.2871
0.0100 0.2882
0.0100 0.2894
0.0100 0.2906
0.0100 0.2918
0.0100 0.2929
0.0100 0.2941
0.0100 0.2953
0.0100 0.2965
0.0100 0.2976
0.0100 0.2988
0.0100 0.3000
0.0100 0.3012
0.0100 0.3024
0.0100 0.3035
0.0100 0.3047
0.0100 0.3059
0.0100 0.3071
0.0100 0.3082
0.0100 0.3094
0.0100 0.3106
0.0100 0.3118
0.0100 0.3129
0.0100 0.3141
0.0100 0.3153
0.0100 0.3165
0.0100 0.3176
0.0100 0.3188
0.0100 0.3200
0.0100 0.3212
0.0100 0.3224
0.0100 0.3235
0.0100 0.3247
0.0100 0.3259
0.0100 0.3271
0.0100 0.3282
0.0100 0.3294
0.0100 0.3306
0.0100 0.3318
0.0100 0.3329
0.0100 0.3341
0.0100 0.3353
0.0100 0.3365
0.0100 0.3376
0.0100 0.3388
0.0100 0.3400
0.0100 0.3412
0.0100 0.3424
0.0100 0.3435
0.0100 0.3447
0.0100 0.3459
0.0100 0.3471
0.0100 0.3482
0.0100 0.3494
0.0100 0.3506
0.0100 0.3518
0.0100 0.3529
0.0100 0.3541
0.0100 0.3553
0.0100 0.3565
0.0100 0.3576
0.0100 0.3588
0.0100 0.3600
0.0100 0.3612
0.0100 0.3624
0.0100 0.3635
0.0100 0.3647
0.0200 0.3659
0.0200 0.3671
0.0200 0.3682
0.0200 0.3694
0.0200 0.3706
0.0200 0.3718
0.0200 0.3729
0.0200 0.3741
0.0200 0.3753
0.0200 0.3765
0.0200 0.3776
0.0200 0.3788
0.0200 0.3800
0.0200 0.3812
0.0200 0.3824
0.0200 0.3835
0.0200 0.3847
0.0200 0.3859
0.0200 0.3871
0.0200 0.3882
0.0200 0.3894
0.0200 0.3906
0.0200 0.3918
0.0200 0.3929
0.0200 0.3941
0.0200 0.3953
0.0200 0.3965
0.0200 0.3976
0.0200 0.3988
0.0200 0.4000
0.0200 0.4012
0.0200 0.4024
0.0200 0.4035
0.0200 0.4047
0.0200 0.4059
0.0200 0.4071
0.0200 0.4082
0.0200 0.4094
0.0200 0.4106
0.0200 0.4118
0.0200 0.4129
0.0200 0.4141
0.0200 0.4153
0.0200 0.4165
0.0200 0.4176
0.0200 0.4188
0.0200 0.4200
0.0200 0.4212
0.0200 0.4224
0.0200 0.4235
0.0200 0.4247
0.0200 0.4259
0.0200 0.4271
0.0200 0.4282
0.0200 0.4294
0.0200 0.4306
0.0200 0.4318
0.0200 0.4329
0.0200 0.4341
0.0200 0.4353
0.0200 0.4365
0.0200 0.4376
0.0200 0.4388
0.0200 0.4400
0.0200 0.4412
0.0200 0.4424
0.0200 0.4435
0.0200 0.4447
0.0200 0.4459
0.0200 0.4471
0.0200 0.4482
0.0200 0.4494
0.0200 0.4506
0.0200 0.4518
