# time  created  delivered  delivered/created
0.0100 1 0 0.0000
0.0100 2 0 0.0000
0.0100 3 0 0.0000
0.0100 4 0 0.0000
0.0100 5 0 0.0000
0.0100 6 0 0.0000
0.0100 7 0 0.0000
0.0100 8 0 0.0000
0.0100 9 0 0.0000
0.0100 10 0 0.0000
0.0100 11 0 0.0000
0.0100 12 0 0.0000
0.0100 13 0 0.0000
0.0100 14 0 0.0000
0.0100 15 0 0.0000
0.0100 16 0 0.0000
0.0100 17 0 0.0000
0.0100 18 0 0.0000
0.0100 19 0 0.0000
0.0100 20 0 0.0000
0.0100 21 0 0.0000
0.0100 22 0 0.0000
0.0100 23 0 0.0000
0.0100 24 0 0.0000
0.0100 25 0 0.0000
0.0100 26 0 0.0000
0.0100 27 0 0.0000
0.0100 28 0 0.0000
0.0100 29 0 0.0000
0.0100 30 0 0.0000
0.0100 31 0 0.0000
0.0100 32 0 0.0000
0.0100 33 0 0.0000
0.0100 34 0 0.0000
0.0100 35 0 0.0000
0.0100 36 0 0.0000
0.0100 37 0 0.0000
0.0100 38 0 0.0000
0.0100 39 0 0.0000
0.0100 40 0 0.0000
0.0100 41 0 0.0000
0.0100 42 0 0.0000
0.0100 43 0 0.0000
0.0100 44 0 0.0000
0.0100 45 0 0.0000
0.0100 46 0 0.0000
0.0100 47 0 0.0000
0.0100 48 0 0.0000
0.0100 49 0 0.0000
0.0100 50 0 0.0000
0.0100 51 0 0.0000
0.0100 52 0 0.0000
0.0100 53 0 0.0000
0.0100 54 0 0.0000
0.0100 55 0 0.0000
0.0200 56 0 0.0000
0.0200 57 0 0.0000
0.0200 58 0 0.0000
0.0200 59 0 0.0000
0.0200 60 0 0.0000
0.0200 61 0 0.0000
0.0200 62 0 0.0000
0.0200 63 0 0.0000
0.0200 64 0 0.0000
0.0200 65 0 0.0000
0.0200 65 1 0.0154
0.0200 66 1 0.0152
0.0200 66 2 0.0303
0.0200 67 2 0.0299
0.0200 68 2 0.0294
0.0200 69 2 0.0290
0.0200 70 2 0.0286
0.0200 71 2 0.0282
0.0200 72 2 0.0278
0.0200 73 2 0.0274
0.0200 74 2 0.0270
0.0200 75 2 0.0267
0.0200 75 3 0.0400
0.0200 76 3 0.0395
0.0200 77 3 0.0390
0.0200 78 3 0.0385
0.0200 79 3 0.0380
0.0200 80 3 0.0375
0.0200 81 3 0.0370
0.0200 81 4 0.0494
0.0200 82 4 0.0488
0.0200 83 4 0.0482
0.0200 84 4 0.0476
0.0200 85 4 0.0471
0.0200 86 4 0.0465
0.0200 87 4 0.0460
0.0200 88 4 0.0455
0.0200 89 4 0.0449
0.0200 90 4 0.0444
0.0200 91 4 0.0440
0.0200 91 5 0.0549
0.0200 92 5 0.0543
0.0200 93 5 0.0538
0.0200 94 5 0.0532
0.0200 94 6 0.0638
0.0200 95 6 0.0632
0.0200 96 6 0.0625
0.0200 97 6 0.0619
0.0200 98 6 0.0612
0.0200 99 6 0.0606
0.0200 100 6 0.0600
0.0200 101 6 0.0594
0.0200 101 7 0.0693
0.0200 102 7 0.0686
0.0200 103 7 0.0680
0.0200 104 7 0.0673
0.0200 105 7 0.0667
0.0200 106 7 0.0660
0.0200 106 8 0.0755
0.0200 107 8 0.0748
0.0200 108 8 0.0741
0.0200 109 8 0.0734
0.0200 109 9 0.0826
0.0200 110 9 0.0818
0.0200 111 9 0.0811
0.0200 112 9 0.0804
0.0200 113 9 0.0796
0.0200 114 9 0.0789
0.0200 115 9 0.0783
0.0200 116 9 0.0776
0.0200 117 9 0.0769
0.0200 118 9 0.0763
0.0200 118 10 0.0847
0.0300 119 10 0.0840
0.0300 120 10 0.0833
0.0300 121 10 0.0826
0.0300 122 10 0.0820
0.0300 123 10 0.0813
0.0300 124 10 0.0806
0.0300 125 10 0.0800
0.0300 125 11 0.0880
0.0300 126 11 0.0873
0.0300 126 12 0.0952
0.0300 127 12 0.0945
0.0300 128 12 0.0938
0.0300 129 12 0.0930
0.0300 130 12 0.0923
0.0300 131 12 0.0916
0.0300 132 12 0.0909
0.0300 132 13 0.0985
0.0300 133 13 0.0977
0.0300 134 13 0.0970
0.0300 135 13 0.0963
0.0300 136 13 0.0956
0.0300 137 13 0.0949
0.0300 137 14 0.1022
0.0300 138 14 0.1014
0.0300 139 14 0.1007
0.0300 140 14 0.1000
0.0300 141 14 0.0993
0.0300 142 14 0.0986
0.0300 143 14 0.0979
0.0300 144 14 0.0972
0.0300 145 14 0.0966
0.0300 146 14 0.0959
0.0300 147 14 0.0952
0.0300 148 14 0.0946
0.0300 149 14 0.0940
0.0300 150 14 0.0933
0.0300 151 14 0.0927
0.0300 152 14 0.0921
0.0300 153 14 0.0915
0.0300 154 14 0.0909
0.0300 154 15 0.0974
0.0300 155 15 0.0968
0.0300 156 15 0.0962
0.0300 157 15 0.0955
0.0300 158 15 0.0949
0.0300 159 15 0.0943
0.0300 160 15 0.0938
0.0300 161 15 0.0932
0.0300 162 15 0.0926
0.0300 163 15 0.0920
0.0300 163 16 0.0982
0.0300 164 16 0.0976
0.0300 164 17 0.1037
0.0300 165 17 0.1030
0.0300 166 17 0.1024
0.0300 167 17 0.1018
0.0300 168 17 0.1012
0.0300 169 17 0.1006
0.0300 169 18 0.1065
0.0300 170 18 0.1059
0.0400 171 18 0.1053
0.0400 172 18 0.1047
0.0400 172 19 0.1105
0.0400 173 19 0.1098
0.0400 174 19 0.1092
0.0400 174 20 0.1149
0.0400 175 20 0.1143
0.0400 176 20 0.1136
0.0400 177 20 0.1130
0.0400 177 21 0.1186
0.0400 178 21 0.1180
0.0400 179 21 0.1173
0.0400 180 21 0.1167
0.0400 181 21 0.1160
0.0400 182 21 0.1154
0.0400 183 21 0.1148
0.0400 184 21 0.1141
0.0400 185 21 0.1135
0.0400 186 21 0.1129
0.0400 187 21 0.1123
0.0400 188 21 0.1117
0.0400 188 22 0.1170
0.0400 189 22 0.1164
0.0400 189 23 0.1217
0.0400 190 23 0.1211
0.0400 191 23 0.1204
0.0400 191 24 0.1257
0.0400 192 24 0.1250
0.0400 193 24 0.1244
0.0400 194 24 0.1237
0.0400 195 24 0.1231
0.0400 196 24 0.1224
0.0400 197 24 0.1218
0.0400 198 24 0.1212
0.0400 199 24 0.1206
0.0400 200 24 0.1200
0.0400 201 24 0.1194
0.0400 202 24 0.1188
0.0400 203 24 0.1182
0.0400 203 25 0.1232
0.0400 204 25 0.1225
0.0400 205 25 0.1220
0.0400 206 25 0.1214
0.0400 207 25 0.1208
0.0400 207 26 0.1256
0.0400 208 26 0.1250
0.0400 209 26 0.1244
0.0400 209 27 0.1292
0.0400 210 27 0.1286
0.0400 211 27 0.1280
0.0400 211 28 0.1327
0.0400 212 28 0.1321
0.0400 213 28 0.1315
0.0400 214 28 0.1308
0.0400 215 28 0.1302
0.0500 216 28 0.1296
0.0500 217 28 0.1290
0.0500 218 28 0.1284
0.0500 219 28 0.1279
0.0500 220 28 0.1273
0.0500 221 28 0.1267
0.0500 222 28 0.1261
0.0500 223 28 0.1256
0.0500 223 29 0.1300
0.0500 224 29 0.1295
0.0500 225 29 0.1289
0.0500 225 30 0.1333
0.0500 226 30 0.1327
0.0500 227 30 0.1322
0.0500 228 30 0.1316
0.0500 229 30 0.1310
0.0500 230 30 0.1304
0.0500 230 31 0.1348
0.0500 231 31 0.1342
0.0500 232 31 0.1336
0.0500 233 31 0.1330
0.0500 233 32 0.1373
0.0500 234 32 0.1368
0.0500 235 32 0.1362
0.0500 236 32 0.1356
0.0500 237 32 0.1350
0.0500 238 32 0.1345
0.0500 239 32 0.1339
0.0500 240 32 0.1333
0.0500 241 32 0.1328
0.0500 242 32 0.1322
0.0500 243 32 0.1317
0.0500 244 32 0.1311
0.0500 245 32 0.1306
0.0500 245 33 0.1347
0.0500 246 33 0.1341
0.0500 247 33 0.1336
0.0500 248 33 0.1331
0.0500 249 33 0.1325
0.0500 249 34 0.1365
0.0500 250 34 0.1360
0.0500 251 34 0.1355
0.0500 252 34 0.1349
0.0500 252 35 0.1389
0.0500 253 35 0.1383
0.0600 254 35 0.1378
0.0600 255 35 0.1373
0.0600 256 35 0.1367
0.0600 257 35 0.1362
0.0600 258 35 0.1357
0.0600 259 35 0.1351
0.0600 259 36 0.1390
0.0600 260 36 0.1385
0.0600 261 36 0.1379
0.0600 262 36 0.1374
0.0600 263 36 0.1369
0.0600 263 37 0.1407
0.0600 264 37 0.1402
0.0600 265 37 0.1396
0.0600 266 37 0.1391
0.0600 266 38 0.1429
0.0600 267 38 0.1423
0.0600 267 39 0.1461
0.0600 268 39 0.1455
0.0600 269 39 0.1450
0.0600 269 40 0.1487
0.0600 270 40 0.1481
0.0600 271 40 0.1476
0.0600 272 40 0.1471
0.0600 273 40 0.1465
0.0600 274 40 0.1460
0.0600 275 40 0.1455
0.0600 276 40 0.1449
0.0600 277 40 0.1444
0.0600 278 40 0.1439
0.0600 279 40 0.1434
0.0600 279 41 0.1470
0.0600 280 41 0.1464
0.0600 281 41 0.1459
0.0600 282 41 0.1454
0.0600 283 41 0.1449
0.0600 284 41 0.1444
0.0600 284 42 0.1479
0.0600 285 42 0.1474
0.0600 286 42 0.1469
0.0600 287 42 0.1463
0.0700 288 42 0.1458
0.0700 288 43 0.1493
0.0700 289 43 0.1488
0.0700 290 43 0.1483
0.0700 290 44 0.1517
0.0700 291 44 0.1512
0.0700 292 44 0.1507
0.0700 293 44 0.1502
0.0700 293 45 0.1536
0.0700 294 45 0.1531
0.0700 295 45 0.1525
0.0700 296 45 0.1520
0.0700 297 45 0.1515
0.0700 297 46 0.1549
0.0700 298 46 0.1544
0.0700 299 46 0.1538
0.0700 300 46 0.1533
0.0700 301 46 0.1528
0.0700 301 47 0.1561
0.0700 302 47 0.1556
0.0700 303 47 0.1551
0.0700 304 47 0.1546
0.0700 305 47 0.1541
0.0700 306 47 0.1536
0.0700 307 47 0.1531
0.0700 308 47 0.1526
0.0700 308 48 0.1558
0.0700 309 48 0.1553
0.0700 310 48 0.1548
0.0700 311 48 0.1543
0.0700 312 48 0.1538
0.0700 313 48 0.1534
0.0700 313 49 0.1565
0.0700 314 49 0.1561
0.0700 315 49 0.1556
0.0700 315 50 0.1587
0.0800 316 50 0.1582
0.0800 317 50 0.1577
0.0800 317 51 0.1609
0.0800 318 51 0.1604
0.0800 319 51 0.1599
0.0800 320 51 0.1594
0.0800 320 52 0.1625
0.0800 321 52 0.1620
0.0800 322 52 0.1615
0.0800 323 52 0.1610
0.0800 324 52 0.1605
0.0800 325 52 0.1600
0.0800 326 52 0.1595
0.0800 327 52 0.1590
0.0800 327 53 0.1621
0.0800 328 53 0.1616
0.0800 329 53 0.1611
0.0800 330 53 0.1606
0.0800 331 53 0.1601
0.0800 332 53 0.1596
0.0800 332 54 0.1627
0.0800 333 54 0.1622
0.0800 334 54 0.1617
0.0800 335 54 0.1612
0.0800 336 54 0.1607
0.0800 337 54 0.1602
0.0800 337 55 0.1632
0.0800 338 55 0.1627
0.0900 339 55 0.1622
0.0900 340 55 0.1618
0.0900 341 55 0.1613
0.0900 342 55 0.1608
0.0900 343 55 0.1603
0.0900 344 55 0.1599
0.0900 345 55 0.1594
0.0900 346 55 0.1590
0.0900 346 56 0.1618
0.0900 347 56 0.1614
0.0900 348 56 0.1609
0.0900 349 56 0.1605
0.0900 350 56 0.1600
0.0900 351 56 0.1595
0.0900 352 56 0.1591
0.0900 353 56 0.1586
0.0900 354 56 0.1582
0.0900 354 57 0.1610
0.0900 355 57 0.1606
0.0900 356 57 0.1601
0.0900 356 58 0.1629
0.0900 357 58 0.1625
0.0900 358 58 0.1620
0.0900 358 59 0.1648
0.1000 359 59 0.1643
0.1000 360 59 0.1639
0.1000 361 59 0.1634
0.1000 361 60 0.1662
0.1000 362 60 0.1657
0.1000 363 60 0.1653
0.1000 363 61 0.1680
0.1000 364 61 0.1676
0.1000 364 62 0.1703
0.1000 365 62 0.1699
0.1000 365 63 0.1726
0.1000 366 63 0.1721
0.1000 367 63 0.1717
0.1000 368 63 0.1712
0.1000 369 63 0.1707
0.1000 370 63 0.1703
0.1000 371 63 0.1698
0.1000 372 63 0.1694
0.1000 373 63 0.1689
0.1000 374 63 0.1684
0.1000 375 63 0.1680
0.1000 375 64 0.1707
0.1100 376 64 0.1702
0.1100 377 64 0.1698
0.1100 377 65 0.1724
0.1100 378 65 0.1720
0.1100 378 66 0.1746
0.1100 379 66 0.1741
0.1100 380 66 0.1737
0.1100 381 66 0.1732
0.1100 382 66 0.1728
0.1100 383 66 0.1723
0.1100 384 66 0.1719
0.1100 385 66 0.1714
0.1100 386 66 0.1710
0.1100 386 67 0.1736
0.1100 387 67 0.1731
0.1100 388 67 0.1727
0.1100 389 67 0.1722
0.1100 390 67 0.1718
0.1100 390 68 0.1744
0.1200 391 68 0.1739
0.1200 391 69 0.1765
0.1200 392 69 0.1760
0.1200 393 69 0.1756
0.1200 394 69 0.1751
0.1200 395 69 0.1747
0.1200 396 69 0.1742
0.1200 396 70 0.1768
0.1200 397 70 0.1763
0.1200 398 70 0.1759
0.1200 398 71 0.1784
0.1200 399 71 0.1779
0.1200 400 71 0.1775
0.1200 400 72 0.1800
0.1300 401 72 0.1796
0.1300 401 73 0.1820
0.1300 402 73 0.1816
0.1300 403 73 0.1811
0.1300 404 73 0.1807
0.1300 405 73 0.1802
0.1300 406 73 0.1798
0.1300 406 74 0.1823
0.1300 407 74 0.1818
0.1400 408 74 0.1814
0.1400 408 75 0.1838
0.1400 409 75 0.1834
0.1400 410 75 0.1829
0.1400 411 75 0.1825
0.1400 412 75 0.1820
0.1400 413 75 0.1816
0.1400 413 76 0.1840
0.1400 414 76 0.1836
0.1500 415 76 0.1831
0.1500 416 76 0.1827
0.1500 417 76 0.1823
0.1500 418 76 0.1818
0.1500 418 77 0.1842
0.1500 419 77 0.1838
0.1500 419 78 0.1862
0.1600 419 79 0.1885
0.1600 420 79 0.1881
0.1600 421 79 0.1876
0.1600 422 79 0.1872
0.1700 423 79 0.1868
0.1700 424 79 0.1863
0.1700 425 79 0.1859
0.1700 425 80 0.1882
0.1700 426 80 0.1878
0.1800 427 80 0.1874
0.1800 428 80 0.1869
0.1800 428 81 0.1893
0.1900 429 81 0.1888
0.1900 430 81 0.1884
0.1900 430 82 0.1907
0.1900 431 82 0.1903
0.2000 431 83 0.1926
0.2000 432 83 0.1921
0.2100 433 83 0.1917
0.2100 433 84 0.1940
0.2100 434 84 0.1935
0.2200 434 85 0.1959
55.9700 435 85 0.1954
55.9700 436 85 0.1950
55.9800 437 85 0.1945
55.9800 437 86 0.1968
55.9800 438 86 0.1963
55.9800 439 86 0.1959
55.9900 440 86 0.1955
55.9900 440 87 0.1977
56.0000 440 88 0.2000
75.1300 441 88 0.1995
75.1300 442 88 0.1991
75.1400 443 88 0.1986
75.1400 444 88 0.1982
75.1400 444 89 0.2005
75.1400 445 89 0.2000
75.1500 446 89 0.1996
75.1500 446 90 0.2018
75.1600 447 90 0.2013
75.1600 447 91 0.2036
135.9100 448 91 0.2031
135.9100 449 91 0.2027
135.9200 450 91 0.2022
135.9200 450 92 0.2044
135.9200 451 92 0.2040
135.9300 452 92 0.2035
135.9300 452 93 0.2058
135.9300 453 93 0.2053
135.9400 453 94 0.2075
139.0400 454 94 0.2070
139.0400 455 94 0.2066
139.0500 456 94 0.2061
139.0500 456 95 0.2083
139.0500 457 95 0.2079
139.0500 458 95 0.2074
139.0600 459 95 0.2070
139.0600 459 96 0.2092
139.0700 460 96 0.2087
139.0700 460 97 0.2109
141.5600 461 97 0.2104
141.5600 462 97 0.2100
141.5700 463 97 0.2095
141.5700 463 98 0.2117
141.5700 464 98 0.2112
141.5800 465 98 0.2108
141.5800 465 99 0.2129
141.5800 466 99 0.2124
141.5900 466 100 0.2146
158.6700 467 100 0.2141
158.6700 468 100 0.2137
158.6800 469 100 0.2132
158.6800 469 101 0.2154
158.6800 470 101 0.2149
158.6800 471 101 0.2144
158.6900 472 101 0.2140
158.6900 472 102 0.2161
158.7000 473 102 0.2156
158.7000 473 103 0.2178
189.5600 474 103 0.2173
189.5600 475 103 0.2168
189.5700 476 103 0.2164
189.5700 477 103 0.2159
189.5700 477 104 0.2180
189.5700 478 104 0.2176
189.5800 479 104 0.2171
189.5800 479 105 0.2192
189.5900 480 105 0.2188
189.5900 480 106 0.2208
212.2000 481 106 0.2204
212.2000 482 106 0.2199
212.2100 483 106 0.2195
212.2100 483 107 0.2215
212.2100 484 107 0.2211
212.2200 485 107 0.2206
212.2200 485 108 0.2227
212.2200 486 108 0.2222
212.2300 486 109 0.2243
236.5800 487 109 0.2238
236.5800 488 109 0.2234
236.5900 489 109 0.2229
236.5900 490 109 0.2224
236.5900 490 110 0.2245
236.6000 491 110 0.2240
236.6000 491 111 0.2261
236.6000 492 111 0.2256
236.6100 492 112 0.2276
241.1100 493 112 0.2272
241.1100 494 112 0.2267
241.1200 495 112 0.2263
241.1200 496 112 0.2258
241.1200 496 113 0.2278
241.1300 497 113 0.2274
241.1300 497 114 0.2294
241.1300 498 114 0.2289
241.1400 498 115 0.2309
314.9400 499 115 0.2305
314.9400 500 115 0.2300
314.9500 501 115 0.2295
314.9500 502 115 0.2291
314.9500 502 116 0.2311
314.9600 503 116 0.2306
314.9600 503 117 0.2326
314.9600 504 117 0.2321
314.9700 504 118 0.2341
322.0300 505 118 0.2337
322.0300 506 118 0.2332
322.0400 507 118 0.2327
322.0400 507 119 0.2347
322.0400 508 119 0.2343
322.0400 509 119 0.2338
322.0500 510 119 0.2333
322.0500 510 120 0.2353
322.0600 510 121 0.2373
323.5800 511 121 0.2368
323.5800 512 121 0.2363
323.5900 513 121 0.2359
323.5900 514 121 0.2354
323.5900 514 122 0.2374
323.5900 515 122 0.2369
323.6000 516 122 0.2364
323.6000 516 123 0.2384
323.6100 516 124 0.2403
346.1000 517 124 0.2398
346.1000 518 124 0.2394
346.1100 519 124 0.2389
346.1100 520 124 0.2385
346.1100 520 125 0.2404
346.1200 521 125 0.2399
346.1200 521 126 0.2418
346.1200 522 126 0.2414
346.1300 522 127 0.2433
355.4900 523 127 0.2428
355.4900 524 127 0.2424
355.5000 525 127 0.2419
355.5000 526 127 0.2414
355.5000 526 128 0.2433
355.5100 527 128 0.2429
355.5100 527 129 0.2448
355.5100 528 129 0.2443
355.5200 528 130 0.2462
362.2100 529 130 0.2457
362.2100 530 130 0.2453
362.2200 531 130 0.2448
362.2200 532 130 0.2444
362.2200 532 131 0.2462
362.2200 533 131 0.2458
362.2300 534 131 0.2453
362.2300 534 132 0.2472
362.2400 535 132 0.2467
362.2400 535 133 0.2486
362.6100 536 133 0.2481
362.6100 537 133 0.2477
362.6200 538 133 0.2472
362.6200 538 134 0.2491
362.6200 539 134 0.2486
362.6200 540 134 0.2481
362.6300 541 134 0.2477
362.6300 541 135 0.2495
362.6400 542 135 0.2491
362.6400 542 136 0.2509
368.1000 543 136 0.2505
368.1000 544 136 0.2500
368.1100 545 136 0.2495
368.1100 545 137 0.2514
368.1100 546 137 0.2509
368.1100 547 137 0.2505
368.1200 548 137 0.2500
368.1200 548 138 0.2518
368.1300 549 138 0.2514
368.1300 549 139 0.2532
392.4100 550 139 0.2527
392.4100 551 139 0.2523
392.4200 552 139 0.2518
392.4200 553 139 0.2514
392.4200 553 140 0.2532
392.4300 554 140 0.2527
392.4300 554 141 0.2545
392.4300 555 141 0.2541
392.4400 555 142 0.2559
394.5300 556 142 0.2554
394.5300 557 142 0.2549
394.5400 558 142 0.2545
394.5400 558 143 0.2563
394.5400 559 143 0.2558
394.5400 560 143 0.2554
394.5500 561 143 0.2549
394.5500 561 144 0.2567
394.5600 562 144 0.2562
394.5600 562 145 0.2580
396.1600 563 145 0.2575
396.1600 564 145 0.2571
396.1700 565 145 0.2566
396.1700 566 145 0.2562
396.1700 566 146 0.2580
396.1700 567 146 0.2575
396.1800 568 146 0.2570
396.1800 568 147 0.2588
396.1900 569 147 0.2583
396.1900 569 148 0.2601
435.7800 570 148 0.2596
435.7800 571 148 0.2592
435.7900 572 148 0.2587
435.7900 573 148 0.2583
435.7900 573 149 0.2600
435.8000 574 149 0.2596
435.8000 574 150 0.2613
435.8000 575 150 0.2609
435.8100 575 151 0.2626
438.2400 576 151 0.2622
438.2400 577 151 0.2617
438.2500 578 151 0.2612
438.2500 578 152 0.2630
438.2500 579 152 0.2625
438.2500 580 152 0.2621
438.2600 581 152 0.2616
438.2600 581 153 0.2633
438.2700 581 154 0.2651
445.0400 582 154 0.2646
445.0400 583 154 0.2642
445.0500 584 154 0.2637
445.0500 585 154 0.2632
445.0500 585 155 0.2650
445.0600 586 155 0.2645
445.0600 586 156 0.2662
445.0600 587 156 0.2658
445.0700 587 157 0.2675
461.3400 588 157 0.2670
461.3400 589 157 0.2666
461.3500 590 157 0.2661
461.3500 590 158 0.2678
461.3500 591 158 0.2673
461.3600 592 158 0.2669
461.3600 592 159 0.2686
461.3600 593 159 0.2681
461.3700 593 160 0.2698
477.8900 594 160 0.2694
477.8900 595 160 0.2689
477.9000 596 160 0.2685
477.9000 597 160 0.2680
477.9000 597 161 0.2697
477.9100 598 161 0.2692
477.9100 598 162 0.2709
477.9100 599 162 0.2705
477.9200 599 163 0.2721
485.5200 600 163 0.2717
485.5200 601 163 0.2712
485.5300 602 163 0.2708
485.5300 603 163 0.2703
485.5300 603 164 0.2720
485.5400 604 164 0.2715
485.5400 604 165 0.2732
485.5400 605 165 0.2727
485.5500 605 166 0.2744
493.5100 606 166 0.2739
493.5100 607 166 0.2735
493.5200 608 166 0.2730
493.5200 609 166 0.2726
493.5200 609 167 0.2742
493.5300 610 167 0.2738
493.5300 610 168 0.2754
493.5300 611 168 0.2750
493.5400 611 169 0.2766
506.3300 612 169 0.2761
506.3300 613 169 0.2757
506.3400 614 169 0.2752
506.3400 614 170 0.2769
506.3400 615 170 0.2764
506.3400 616 170 0.2760
506.3500 617 170 0.2755
506.3500 617 171 0.2771
506.3600 618 171 0.2767
506.3600 618 172 0.2783
517.1700 619 172 0.2779
517.1700 620 172 0.2774
517.1800 621 172 0.2770
517.1800 622 172 0.2765
517.1800 622 173 0.2781
517.1900 623 173 0.2777
517.1900 623 174 0.2793
517.1900 624 174 0.2788
517.2000 624 175 0.2804
528.0400 625 175 0.2800
528.0400 626 175 0.2796
528.0500 627 175 0.2791
528.0500 627 176 0.2807
528.0500 628 176 0.2803
528.0600 629 176 0.2798
528.0600 629 177 0.2814
528.0600 630 177 0.2810
528.0700 630 178 0.2825
550.8200 631 178 0.2821
550.8200 632 178 0.2816
550.8300 633 178 0.2812
550.8300 633 179 0.2828
550.8300 634 179 0.2823
550.8400 635 179 0.2819
550.8400 635 180 0.2835
550.8400 636 180 0.2830
550.8500 636 181 0.2846
562.7700 637 181 0.2841
562.7700 638 181 0.2837
562.7800 639 181 0.2833
562.7800 640 181 0.2828
562.7800 640 182 0.2844
562.7900 641 182 0.2839
562.7900 641 183 0.2855
562.7900 642 183 0.2850
562.8000 642 184 0.2866
565.7900 643 184 0.2862
565.7900 644 184 0.2857
565.8000 645 184 0.2853
565.8000 646 184 0.2848
565.8000 646 185 0.2864
565.8100 647 185 0.2859
565.8100 647 186 0.2875
565.8100 648 186 0.2870
565.8200 648 187 0.2886
592.9300 649 187 0.2881
592.9300 650 187 0.2877
592.9400 651 187 0.2873
592.9400 652 187 0.2868
592.9400 652 188 0.2883
592.9500 653 188 0.2879
592.9500 653 189 0.2894
592.9500 654 189 0.2890
592.9600 654 190 0.2905
611.4800 655 190 0.2901
611.4800 656 190 0.2896
611.4900 657 190 0.2892
611.4900 657 191 0.2907
611.4900 658 191 0.2903
611.4900 659 191 0.2898
611.5000 660 191 0.2894
611.5000 660 192 0.2909
611.5100 661 192 0.2905
611.5100 661 193 0.2920
614.0000 662 193 0.2915
614.0000 663 193 0.2911
614.0100 664 193 0.2907
614.0100 665 193 0.2902
614.0100 665 194 0.2917
614.0200 666 194 0.2913
614.0200 666 195 0.2928
614.0200 667 195 0.2924
614.0300 667 196 0.2939
635.2400 668 196 0.2934
635.2400 669 196 0.2930
635.2500 670 196 0.2925
635.2500 670 197 0.2940
635.2500 671 197 0.2936
635.2500 672 197 0.2932
635.2600 673 197 0.2927
635.2600 673 198 0.2942
635.2700 673 199 0.2957
639.6800 674 199 0.2953
639.6800 675 199 0.2948
639.6900 676 199 0.2944
639.6900 676 200 0.2959
639.6900 677 200 0.2954
639.6900 678 200 0.2950
639.7000 679 200 0.2946
639.7000 679 201 0.2960
639.7100 679 202 0.2975
648.8000 680 202 0.2971
648.8000 681 202 0.2966
648.8100 682 202 0.2962
648.8100 683 202 0.2958
648.8100 683 203 0.2972
648.8200 684 203 0.2968
648.8200 684 204 0.2982
648.8200 685 204 0.2978
648.8300 685 205 0.2993
678.8100 686 205 0.2988
678.8100 687 205 0.2984
678.8200 688 205 0.2980
678.8200 689 205 0.2975
678.8200 689 206 0.2990
678.8300 690 206 0.2986
678.8300 690 207 0.3000
678.8300 691 207 0.2996
678.8400 691 208 0.3010
679.1600 692 208 0.3006
679.1600 693 208 0.3001
679.1700 694 208 0.2997
679.1700 695 208 0.2993
679.1700 695 209 0.3007
679.1800 696 209 0.3003
679.1800 696 210 0.3017
679.1800 697 210 0.3013
679.1900 697 211 0.3027
690.1800 698 211 0.3023
690.1800 699 211 0.3019
690.1900 700 211 0.3014
690.1900 701 211 0.3010
690.1900 701 212 0.3024
690.2000 702 212 0.3020
690.2000 702 213 0.3034
690.2000 703 213 0.3030
690.2100 703 214 0.3044
712.3600 704 214 0.3040
712.3600 705 214 0.3035
712.3700 706 214 0.3031
712.3700 707 214 0.3027
712.3700 707 215 0.3041
712.3700 708 215 0.3037
712.3800 709 215 0.3032
712.3800 709 216 0.3047
712.3900 709 217 0.3061
744.6300 710 217 0.3056
744.6300 711 217 0.3052
744.6400 712 217 0.3048
744.6400 713 217 0.3043
744.6400 713 218 0.3058
744.6400 714 218 0.3053
744.6500 715 218 0.3049
744.6500 715 219 0.3063
744.6600 716 219 0.3059
744.6600 716 220 0.3073
752.1400 717 220 0.3068
752.1400 718 220 0.3064
752.1500 719 220 0.3060
752.1500 720 220 0.3056
752.1500 720 221 0.3069
752.1600 721 221 0.3065
752.1600 721 222 0.3079
752.1600 722 222 0.3075
752.1700 722 223 0.3089
753.7000 723 223 0.3084
753.7000 724 223 0.3080
753.7100 725 223 0.3076
753.7100 726 223 0.3072
753.7100 726 224 0.3085
753.7200 727 224 0.3081
753.7200 727 225 0.3095
753.7200 728 225 0.3091
753.7300 728 226 0.3104
756.2300 729 226 0.3100
756.2300 730 226 0.3096
756.2400 731 226 0.3092
756.2400 732 226 0.3087
756.2400 732 227 0.3101
756.2400 733 227 0.3097
756.2500 734 227 0.3093
756.2500 734 228 0.3106
756.2600 734 229 0.3120
763.1000 735 229 0.3116
763.1000 736 229 0.3111
763.1100 737 229 0.3107
763.1100 737 230 0.3121
763.1100 738 230 0.3117
763.1100 739 230 0.3112
763.1200 740 230 0.3108
763.1200 740 231 0.3122
763.1300 741 231 0.3117
763.1300 741 232 0.3131
773.5000 742 232 0.3127
773.5000 743 232 0.3122
773.5100 744 232 0.3118
773.5100 745 232 0.3114
773.5100 745 233 0.3128
773.5100 746 233 0.3123
773.5200 747 233 0.3119
773.5200 747 234 0.3133
773.5300 748 234 0.3128
773.5300 748 235 0.3142
792.1500 749 235 0.3138
792.1500 750 235 0.3133
792.1600 751 235 0.3129
792.1600 752 235 0.3125
792.1600 752 236 0.3138
792.1700 753 236 0.3134
792.1700 753 237 0.3147
792.1700 754 237 0.3143
792.1800 754 238 0.3156
800.3900 755 238 0.3152
800.3900 756 238 0.3148
800.4000 757 238 0.3144
800.4000 758 238 0.3140
800.4000 758 239 0.3153
800.4000 759 239 0.3149
800.4100 760 239 0.3145
800.4100 760 240 0.3158
800.4200 760 241 0.3171
805.5400 761 241 0.3167
805.5400 762 241 0.3163
805.5500 763 241 0.3159
805.5500 764 241 0.3154
805.5500 764 242 0.3168
805.5600 765 242 0.3163
805.5600 765 243 0.3176
805.5600 766 243 0.3172
805.5700 766 244 0.3185
822.6200 767 244 0.3181
822.6200 768 244 0.3177
822.6300 769 244 0.3173
822.6300 769 245 0.3186
822.6300 770 245 0.3182
822.6400 771 245 0.3178
822.6400 771 246 0.3191
822.6400 772 246 0.3187
822.6500 772 247 0.3199
838.7800 773 247 0.3195
838.7800 774 247 0.3191
838.7900 775 247 0.3187
838.7900 776 247 0.3183
838.7900 776 248 0.3196
838.7900 777 248 0.3192
838.8000 778 248 0.3188
838.8000 778 249 0.3201
838.8100 779 249 0.3196
838.8100 779 250 0.3209
840.9300 780 250 0.3205
840.9300 781 250 0.3201
840.9400 782 250 0.3197
840.9400 782 251 0.3210
840.9400 783 251 0.3206
840.9500 784 251 0.3202
840.9500 784 252 0.3214
840.9500 785 252 0.3210
840.9600 785 253 0.3223
844.7300 786 253 0.3219
844.7300 787 253 0.3215
844.7400 788 253 0.3211
844.7400 788 254 0.3223
844.7400 789 254 0.3219
844.7400 790 254 0.3215
844.7500 791 254 0.3211
844.7500 791 255 0.3224
844.7600 792 255 0.3220
844.7600 792 256 0.3232
845.7200 793 256 0.3228
845.7200 794 256 0.3224
845.7300 795 256 0.3220
845.7300 796 256 0.3216
845.7300 796 257 0.3229
845.7400 797 257 0.3225
845.7400 797 258 0.3237
845.7400 798 258 0.3233
845.7500 798 259 0.3246
853.7300 799 259 0.3242
853.7300 800 259 0.3238
853.7400 801 259 0.3233
853.7400 801 260 0.3246
853.7400 802 260 0.3242
853.7400 803 260 0.3238
853.7500 804 260 0.3234
853.7500 804 261 0.3246
853.7600 805 261 0.3242
853.7600 805 262 0.3255
881.5800 806 262 0.3251
881.5800 807 262 0.3247
881.5900 808 262 0.3243
881.5900 809 262 0.3239
881.5900 809 263 0.3251
881.5900 810 263 0.3247
881.6000 811 263 0.3243
881.6000 811 264 0.3255
881.6100 812 264 0.3251
881.6100 812 265 0.3264
884.4500 813 265 0.3260
884.4500 814 265 0.3256
884.4600 815 265 0.3252
884.4600 815 266 0.3264
884.4600 816 266 0.3260
884.4600 817 266 0.3256
884.4700 818 266 0.3252
884.4700 818 267 0.3264
884.4800 818 268 0.3276
903.1100 819 268 0.3272
903.1100 820 268 0.3268
903.1200 821 268 0.3264
903.1200 822 268 0.3260
903.1200 822 269 0.3273
903.1200 823 269 0.3269
903.1300 824 269 0.3265
903.1300 824 270 0.3277
903.1400 824 271 0.3289
940.7100 825 271 0.3285
940.7100 826 271 0.3281
940.7200 827 271 0.3277
940.7200 827 272 0.3289
940.7200 828 272 0.3285
940.7200 829 272 0.3281
940.7300 830 272 0.3277
940.7300 830 273 0.3289
940.7400 830 274 0.3301
949.1800 831 274 0.3297
949.1800 832 274 0.3293
949.1900 833 274 0.3289
949.1900 833 275 0.3301
949.1900 834 275 0.3297
949.1900 835 275 0.3293
949.2000 836 275 0.3289
949.2000 836 276 0.3301
949.2100 836 277 0.3313
964.5200 837 277 0.3309
964.5200 838 277 0.3305
964.5300 839 277 0.3302
964.5300 839 278 0.3313
964.5300 840 278 0.3310
964.5300 841 278 0.3306
964.5400 842 278 0.3302
964.5400 842 279 0.3314
964.5500 843 279 0.3310
964.5500 843 280 0.3321
981.3100 844 280 0.3318
981.3100 845 280 0.3314
981.3200 846 280 0.3310
981.3200 847 280 0.3306
981.3200 847 281 0.3318
981.3300 848 281 0.3314
981.3300 848 282 0.3325
981.3300 849 282 0.3322
981.3400 849 283 0.3333
1031.5300 850 283 0.3329
1031.5300 851 283 0.3325
1031.5400 852 283 0.3322
1031.5400 852 284 0.3333
1031.5400 853 284 0.3329
1031.5400 854 284 0.3326
1031.5500 855 284 0.3322
1031.5500 855 285 0.3333
1031.5600 855 286 0.3345
1098.4600 856 286 0.3341
1098.4600 857 286 0.3337
1098.4700 858 286 0.3333
1098.4700 859 286 0.3329
1098.4700 859 287 0.3341
1098.4700 860 287 0.3337
1098.4800 861 287 0.3333
1098.4800 861 288 0.3345
1098.4900 861 289 0.3357
1118.8500 862 289 0.3353
1118.8500 863 289 0.3349
1118.8600 864 289 0.3345
1118.8600 864 290 0.3356
1118.8600 865 290 0.3353
1118.8600 866 290 0.3349
1118.8700 867 290 0.3345
1118.8700 867 291 0.3356
1118.8800 867 292 0.3368
1138.1900 868 292 0.3364
1138.1900 869 292 0.3360
1138.2000 870 292 0.3356
1138.2000 870 293 0.3368
1138.2000 871 293 0.3364
1138.2000 872 293 0.3360
1138.2100 873 293 0.3356
1138.2100 873 294 0.3368
1138.2200 874 294 0.3364
1138.2200 874 295 0.3375
1141.4700 875 295 0.3371
1141.4700 876 295 0.3368
1141.4800 877 295 0.3364
1141.4800 878 295 0.3360
1141.4800 878 296 0.3371
1141.4900 879 296 0.3367
1141.4900 879 297 0.3379
1141.4900 880 297 0.3375
1141.5000 880 298 0.3386
1181.2800 881 298 0.3383
1181.2800 882 298 0.3379
1181.2900 883 298 0.3375
1181.2900 884 298 0.3371
1181.2900 884 299 0.3382
1181.2900 885 299 0.3379
1181.3000 886 299 0.3375
1181.3000 886 300 0.3386
1181.3100 887 300 0.3382
1181.3100 887 301 0.3393
1223.7600 888 301 0.3390
1223.7600 889 301 0.3386
1223.7700 890 301 0.3382
1223.7700 891 301 0.3378
1223.7700 891 302 0.3389
1223.7800 892 302 0.3386
1223.7800 892 303 0.3397
1223.7800 893 303 0.3393
1223.7900 893 304 0.3404
1265.2000 894 304 0.3400
1265.2000 895 304 0.3397
1265.2100 896 304 0.3393
1265.2100 897 304 0.3389
1265.2100 897 305 0.3400
1265.2100 898 305 0.3396
1265.2200 899 305 0.3393
1265.2200 899 306 0.3404
1265.2300 900 306 0.3400
1265.2300 900 307 0.3411
1306.2500 901 307 0.3407
1306.2500 902 307 0.3404
1306.2600 903 307 0.3400
1306.2600 903 308 0.3411
1306.2600 904 308 0.3407
1306.2700 905 308 0.3403
1306.2700 905 309 0.3414
1306.2700 906 309 0.3411
1306.2800 906 310 0.3422
1310.8700 907 310 0.3418
1310.8700 908 310 0.3414
1310.8800 909 310 0.3410
1310.8800 910 310 0.3407
1310.8800 910 311 0.3418
1310.8900 911 311 0.3414
1310.8900 911 312 0.3425
1310.8900 912 312 0.3421
1310.9000 912 313 0.3432
1334.6600 913 313 0.3428
1334.6600 914 313 0.3425
1334.6700 915 313 0.3421
1334.6700 916 313 0.3417
1334.6700 916 314 0.3428
1334.6700 917 314 0.3424
1334.6800 918 314 0.3420
1334.6800 918 315 0.3431
1334.6900 918 316 0.3442
1346.9500 919 316 0.3439
1346.9500 920 316 0.3435
1346.9600 921 316 0.3431
1346.9600 921 317 0.3442
1346.9600 922 317 0.3438
1346.9700 923 317 0.3434
1346.9700 923 318 0.3445
1346.9700 924 318 0.3442
1346.9800 924 319 0.3452
1347.5800 925 319 0.3449
1347.5800 926 319 0.3445
1347.5900 927 319 0.3441
1347.5900 927 320 0.3452
1347.5900 928 320 0.3448
1347.6000 929 320 0.3445
1347.6000 929 321 0.3455
1347.6000 930 321 0.3452
1347.6100 930 322 0.3462
1371.4300 931 322 0.3459
1371.4300 932 322 0.3455
1371.4400 933 322 0.3451
1371.4400 933 323 0.3462
1371.4400 934 323 0.3458
1371.4500 935 323 0.3455
1371.4500 935 324 0.3465
1371.4500 936 324 0.3462
1371.4600 936 325 0.3472
1455.0100 937 325 0.3469
1455.0100 938 325 0.3465
1455.0200 939 325 0.3461
1455.0200 939 326 0.3472
1455.0200 940 326 0.3468
1455.0200 941 326 0.3464
1455.0300 942 326 0.3461
1455.0300 942 327 0.3471
1455.0400 942 328 0.3482
1508.1000 943 328 0.3478
1508.1000 944 328 0.3475
1508.1100 945 328 0.3471
1508.1100 945 329 0.3481
1508.1100 946 329 0.3478
1508.1200 947 329 0.3474
1508.1200 947 330 0.3485
1508.1200 948 330 0.3481
1508.1300 948 331 0.3492
1636.2300 949 331 0.3488
1636.2300 950 331 0.3484
1636.2400 951 331 0.3481
1636.2400 951 332 0.3491
1636.2400 952 332 0.3487
1636.2400 953 332 0.3484
1636.2500 954 332 0.3480
1636.2500 954 333 0.3491
1636.2600 955 333 0.3487
1636.2600 955 334 0.3497
1638.8400 956 334 0.3494
1638.8400 957 334 0.3490
1638.8500 958 334 0.3486
1638.8500 959 334 0.3483
1638.8500 959 335 0.3493
1638.8500 960 335 0.3490
1638.8600 961 335 0.3486
1638.8600 961 336 0.3496
1638.8700 961 337 0.3507
1658.7300 962 337 0.3503
1658.7300 963 337 0.3499
1658.7400 964 337 0.3496
1658.7400 964 338 0.3506
1658.7400 965 338 0.3503
1658.7400 966 338 0.3499
1658.7500 967 338 0.3495
1658.7500 967 339 0.3506
1658.7600 967 340 0.3516
1667.4000 968 340 0.3512
1667.4000 969 340 0.3509
1667.4100 970 340 0.3505
1667.4100 970 341 0.3515
1667.4100 971 341 0.3512
1667.4100 972 341 0.3508
1667.4200 973 341 0.3505
1667.4200 973 342 0.3515
1667.4300 973 343 0.3525
1669.1600 974 343 0.3522
1669.1600 975 343 0.3518
1669.1700 976 343 0.3514
1669.1700 976 344 0.3525
1669.1700 977 344 0.3521
1669.1700 978 344 0.3517
1669.1800 979 344 0.3514
1669.1800 979 345 0.3524
1669.1900 980 345 0.3520
1669.1900 980 346 0.3531
1673.4700 981 346 0.3527
1673.4700 982 346 0.3523
1673.4800 983 346 0.3520
1673.4800 984 346 0.3516
1673.4800 984 347 0.3526
1673.4800 985 347 0.3523
1673.4900 986 347 0.3519
1673.4900 986 348 0.3529
1673.5000 987 348 0.3526
1673.5000 987 349 0.3536
1692.3800 988 349 0.3532
1692.3800 989 349 0.3529
1692.3900 990 349 0.3525
1692.3900 990 350 0.3535
1692.3900 991 350 0.3532
1692.3900 992 350 0.3528
1692.4000 993 350 0.3525
1692.4000 993 351 0.3535
1692.4100 993 352 0.3545
1698.5300 994 352 0.3541
1698.5300 995 352 0.3538
1698.5400 996 352 0.3534
1698.5400 996 353 0.3544
1698.5400 997 353 0.3541
1698.5400 998 353 0.3537
1698.5500 999 353 0.3534
1698.5500 999 354 0.3544
1698.5600 999 355 0.3554
1760.6300 1000 355 0.3550
1760.6300 1001 355 0.3546
1760.6400 1002 355 0.3543
1760.6400 1003 355 0.3539
1760.6400 1003 356 0.3549
1760.6500 1004 356 0.3546
1760.6500 1004 357 0.3556
1760.6500 1005 357 0.3552
1760.6600 1005 358 0.3562
1797.5600 1006 358 0.3559
1797.5600 1007 358 0.3555
1797.5700 1008 358 0.3552
1797.5700 1008 359 0.3562
1797.5700 1009 359 0.3558
1797.5700 1010 359 0.3554
1797.5800 1011 359 0.3551
1797.5800 1011 360 0.3561
1797.5900 1012 360 0.3557
1797.5900 1012 361 0.3567
1814.6700 1013 361 0.3564
1814.6700 1014 361 0.3560
1814.6800 1015 361 0.3557
1814.6800 1016 361 0.3553
1814.6800 1016 362 0.3563
1814.6800 1017 362 0.3559
1814.6900 1018 362 0.3556
1814.6900 1018 363 0.3566
1814.7000 1018 364 0.3576
1819.9200 1019 364 0.3572
1819.9200 1020 364 0.3569
1819.9300 1021 364 0.3565
1819.9300 1021 365 0.3575
1819.9300 1022 365 0.3571
1819.9400 1023 365 0.3568
1819.9400 1023 366 0.3578
1819.9400 1024 366 0.3574
1819.9500 1024 367 0.3584
1881.1000 1025 367 0.3580
1881.1000 1026 367 0.3577
1881.1100 1027 367 0.3574
1881.1100 1028 367 0.3570
1881.1100 1028 368 0.3580
1881.1100 1029 368 0.3576
1881.1200 1030 368 0.3573
1881.1200 1030 369 0.3583
1881.1300 1031 369 0.3579
1881.1300 1031 370 0.3589
1888.0300 1032 370 0.3585
1888.0300 1033 370 0.3582
1888.0400 1034 370 0.3578
1888.0400 1035 370 0.3575
1888.0400 1035 371 0.3585
1888.0400 1036 371 0.3581
1888.0500 1037 371 0.3578
1888.0500 1037 372 0.3587
1888.0600 1038 372 0.3584
1888.0600 1038 373 0.3593
1888.5700 1039 373 0.3590
1888.5700 1040 373 0.3587
1888.5800 1041 373 0.3583
1888.5800 1041 374 0.3593
1888.5800 1042 374 0.3589
1888.5900 1043 374 0.3586
1888.5900 1043 375 0.3595
1888.5900 1044 375 0.3592
1888.6000 1044 376 0.3602
1902.4100 1045 376 0.3598
1902.4100 1046 376 0.3595
1902.4200 1047 376 0.3591
1902.4200 1048 376 0.3588
1902.4200 1048 377 0.3597
1902.4200 1049 377 0.3594
1902.4300 1050 377 0.3590
1902.4300 1050 378 0.3600
1902.4400 1050 379 0.3610
1908.6300 1051 379 0.3606
1908.6300 1052 379 0.3603
1908.6400 1053 379 0.3599
1908.6400 1053 380 0.3609
1908.6400 1054 380 0.3605
1908.6400 1055 380 0.3602
1908.6500 1056 380 0.3598
1908.6500 1056 381 0.3608
1908.6600 1056 382 0.3617
1932.7500 1057 382 0.3614
1932.7500 1058 382 0.3611
1932.7600 1059 382 0.3607
1932.7600 1059 383 0.3617
1932.7600 1060 383 0.3613
1932.7600 1061 383 0.3610
1932.7700 1062 383 0.3606
1932.7700 1062 384 0.3616
1932.7800 1062 385 0.3625
1976.1700 1063 385 0.3622
1976.1700 1064 385 0.3618
1976.1800 1065 385 0.3615
1976.1800 1066 385 0.3612
1976.1800 1066 386 0.3621
1976.1900 1067 386 0.3618
1976.1900 1067 387 0.3627
1976.1900 1068 387 0.3624
1976.2000 1068 388 0.3633
1982.4100 1069 388 0.3630
1982.4100 1070 388 0.3626
1982.4200 1071 388 0.3623
1982.4200 1072 388 0.3619
1982.4200 1072 389 0.3629
1982.4200 1073 389 0.3625
1982.4300 1074 389 0.3622
1982.4300 1074 390 0.3631
1982.4400 1075 390 0.3628
1982.4400 1075 391 0.3637
2002.9400 1076 391 0.3634
2002.9400 1077 391 0.3630
2002.9500 1078 391 0.3627
2002.9500 1078 392 0.3636
2002.9500 1079 392 0.3633
2002.9500 1080 392 0.3630
2002.9600 1081 392 0.3626
2002.9600 1081 393 0.3636
2002.9700 1082 393 0.3632
2002.9700 1082 394 0.3641
2006.5100 1083 394 0.3638
2006.5100 1084 394 0.3635
2006.5200 1085 394 0.3631
2006.5200 1086 394 0.3628
2006.5200 1086 395 0.3637
2006.5200 1087 395 0.3634
2006.5300 1088 395 0.3631
2006.5300 1088 396 0.3640
2006.5400 1088 397 0.3649
2044.1400 1089 397 0.3646
2044.1400 1090 397 0.3642
2044.1500 1091 397 0.3639
2044.1500 1091 398 0.3648
2044.1500 1092 398 0.3645
2044.1600 1093 398 0.3641
2044.1600 1093 399 0.3651
2044.1600 1094 399 0.3647
2044.1700 1094 400 0.3656
2065.3500 1095 400 0.3653
2065.3500 1096 400 0.3650
2065.3600 1097 400 0.3646
2065.3600 1097 401 0.3655
2065.3600 1098 401 0.3652
2065.3600 1099 401 0.3649
2065.3700 1100 401 0.3645
2065.3700 1100 402 0.3655
2065.3800 1100 403 0.3664
2091.3300 1101 403 0.3660
2091.3300 1102 403 0.3657
2091.3400 1103 403 0.3654
2091.3400 1103 404 0.3663
2091.3400 1104 404 0.3659
2091.3400 1105 404 0.3656
2091.3500 1106 404 0.3653
2091.3500 1106 405 0.3662
2091.3600 1106 406 0.3671
2092.0800 1107 406 0.3668
2092.0800 1108 406 0.3664
2092.0900 1109 406 0.3661
2092.0900 1109 407 0.3670
2092.0900 1110 407 0.3667
2092.0900 1111 407 0.3663
2092.1000 1112 407 0.3660
2092.1000 1112 408 0.3669
2092.1100 1113 408 0.3666
2092.1100 1113 409 0.3675
2114.8300 1114 409 0.3671
2114.8300 1115 409 0.3668
2114.8400 1116 409 0.3665
2114.8400 1116 410 0.3674
2114.8400 1117 410 0.3671
2114.8500 1118 410 0.3667
2114.8500 1118 411 0.3676
2114.8500 1119 411 0.3673
2114.8600 1119 412 0.3682
2140.2900 1120 412 0.3679
2140.2900 1121 412 0.3675
2140.3000 1122 412 0.3672
2140.3000 1123 412 0.3669
2140.3000 1123 413 0.3678
2140.3000 1124 413 0.3674
2140.3100 1125 413 0.3671
2140.3100 1125 414 0.3680
2140.3200 1125 415 0.3689
2240.9700 1126 415 0.3686
2240.9700 1127 415 0.3682
2240.9800 1128 415 0.3679
2240.9800 1129 415 0.3676
2240.9800 1129 416 0.3685
2240.9800 1130 416 0.3681
2240.9900 1131 416 0.3678
2240.9900 1131 417 0.3687
2241.0000 1132 417 0.3684
2241.0000 1132 418 0.3693
2279.0300 1133 418 0.3689
2279.0300 1134 418 0.3686
2279.0400 1135 418 0.3683
2279.0400 1135 419 0.3692
2279.0400 1136 419 0.3688
2279.0500 1137 419 0.3685
2279.0500 1137 420 0.3694
2279.0500 1138 420 0.3691
2279.0600 1138 421 0.3699
2290.3200 1139 421 0.3696
2290.3200 1140 421 0.3693
2290.3300 1141 421 0.3690
2290.3300 1142 421 0.3687
2290.3300 1142 422 0.3695
2290.3400 1143 422 0.3692
2290.3400 1143 423 0.3701
2290.3400 1144 423 0.3698
2290.3500 1144 424 0.3706
2329.2900 1145 424 0.3703
2329.2900 1146 424 0.3700
2329.3000 1147 424 0.3697
2329.3000 1147 425 0.3705
2329.3000 1148 425 0.3702
2329.3000 1149 425 0.3699
2329.3100 1150 425 0.3696
2329.3100 1150 426 0.3704
2329.3200 1150 427 0.3713
2336.0900 1151 427 0.3710
2336.0900 1152 427 0.3707
2336.1000 1153 427 0.3703
2336.1000 1154 427 0.3700
2336.1000 1154 428 0.3709
2336.1100 1155 428 0.3706
2336.1100 1155 429 0.3714
2336.1100 1156 429 0.3711
2336.1200 1156 430 0.3720
2345.1800 1157 430 0.3717
2345.1800 1158 430 0.3713
2345.1900 1159 430 0.3710
2345.1900 1160 430 0.3707
2345.1900 1160 431 0.3716
2345.1900 1161 431 0.3712
2345.2000 1162 431 0.3709
2345.2000 1162 432 0.3718
2345.2100 1162 433 0.3726
2433.8000 1163 433 0.3723
2433.8000 1164 433 0.3720
2433.8100 1165 433 0.3717
2433.8100 1165 434 0.3725
2433.8100 1166 434 0.3722
2433.8100 1167 434 0.3719
2433.8200 1168 434 0.3716
2433.8200 1168 435 0.3724
2433.8300 1169 435 0.3721
2433.8300 1169 436 0.3730
2482.9300 1170 436 0.3726
2482.9300 1171 436 0.3723
2482.9400 1172 436 0.3720
2482.9400 1173 436 0.3717
2482.9400 1173 437 0.3725
2482.9400 1174 437 0.3722
2482.9500 1175 437 0.3719
2482.9500 1175 438 0.3728
2482.9600 1175 439 0.3736
2518.7100 1176 439 0.3733
2518.7100 1177 439 0.3730
2518.7200 1178 439 0.3727
2518.7200 1179 439 0.3723
2518.7200 1179 440 0.3732
2518.7200 1180 440 0.3729
2518.7300 1181 440 0.3726
2518.7300 1181 441 0.3734
2518.7400 1181 442 0.3743
2554.4500 1182 442 0.3739
2554.4500 1183 442 0.3736
2554.4600 1184 442 0.3733
2554.4600 1185 442 0.3730
2554.4600 1185 443 0.3738
2554.4700 1186 443 0.3735
2554.4700 1186 444 0.3744
2554.4700 1187 444 0.3741
2554.4800 1187 445 0.3749
2590.6900 1188 445 0.3746
2590.6900 1189 445 0.3743
2590.7000 1190 445 0.3739
2590.7000 1191 445 0.3736
2590.7000 1191 446 0.3745
2590.7000 1192 446 0.3742
2590.7100 1193 446 0.3738
2590.7100 1193 447 0.3747
2590.7200 1194 447 0.3744
2590.7200 1194 448 0.3752
2611.5800 1195 448 0.3749
2611.5800 1196 448 0.3746
2611.5900 1197 448 0.3743
2611.5900 1197 449 0.3751
2611.5900 1198 449 0.3748
2611.6000 1199 449 0.3745
2611.6000 1199 450 0.3753
2611.6000 1200 450 0.3750
2611.6100 1200 451 0.3758
2616.6100 1201 451 0.3755
2616.6100 1202 451 0.3752
2616.6200 1203 451 0.3749
2616.6200 1204 451 0.3746
2616.6200 1204 452 0.3754
2616.6300 1205 452 0.3751
2616.6300 1205 453 0.3759
2616.6300 1206 453 0.3756
2616.6400 1206 454 0.3765
2678.6400 1207 454 0.3761
2678.6400 1208 454 0.3758
2678.6500 1209 454 0.3755
2678.6500 1209 455 0.3763
2678.6500 1210 455 0.3760
2678.6600 1211 455 0.3757
2678.6600 1211 456 0.3765
2678.6600 1212 456 0.3762
2678.6700 1212 457 0.3771
2679.2800 1213 457 0.3768
2679.2800 1214 457 0.3764
2679.2900 1215 457 0.3761
2679.2900 1216 457 0.3758
2679.2900 1216 458 0.3766
2679.3000 1217 458 0.3763
2679.3000 1217 459 0.3772
2679.3000 1218 459 0.3768
2679.3100 1218 460 0.3777
2687.1900 1219 460 0.3774
2687.1900 1220 460 0.3770
2687.2000 1221 460 0.3767
2687.2000 1222 460 0.3764
2687.2000 1222 461 0.3773
2687.2000 1223 461 0.3769
2687.2100 1224 461 0.3766
2687.2100 1224 462 0.3775
2687.2200 1224 463 0.3783
2782.9500 1225 463 0.3780
2782.9500 1226 463 0.3777
2782.9600 1227 463 0.3773
2782.9600 1227 464 0.3782
2782.9600 1228 464 0.3779
2782.9700 1229 464 0.3775
2782.9700 1229 465 0.3784
2782.9700 1230 465 0.3780
2782.9800 1230 466 0.3789
2794.8900 1231 466 0.3786
2794.8900 1232 466 0.3782
2794.9000 1233 466 0.3779
2794.9000 1234 466 0.3776
2794.9000 1234 467 0.3784
2794.9100 1235 467 0.3781
2794.9100 1235 468 0.3789
2794.9100 1236 468 0.3786
2794.9200 1236 469 0.3794
2797.0900 1237 469 0.3791
2797.0900 1238 469 0.3788
2797.1000 1239 469 0.3785
2797.1000 1239 470 0.3793
2797.1000 1240 470 0.3790
2797.1100 1241 470 0.3787
2797.1100 1241 471 0.3795
2797.1100 1242 471 0.3792
2797.1200 1242 472 0.3800
2825.4200 1243 472 0.3797
2825.4200 1244 472 0.3794
2825.4300 1245 472 0.3791
2825.4300 1246 472 0.3788
2825.4300 1246 473 0.3796
2825.4300 1247 473 0.3793
2825.4400 1248 473 0.3790
2825.4400 1248 474 0.3798
2825.4500 1248 475 0.3806
2834.6900 1249 475 0.3803
2834.6900 1250 475 0.3800
2834.7000 1251 475 0.3797
2834.7000 1252 475 0.3794
2834.7000 1252 476 0.3802
2834.7000 1253 476 0.3799
2834.7100 1254 476 0.3796
2834.7100 1254 477 0.3804
2834.7200 1255 477 0.3801
2834.7200 1255 478 0.3809
2837.1700 1256 478 0.3806
2837.1700 1257 478 0.3803
2837.1800 1258 478 0.3800
2837.1800 1258 479 0.3808
2837.1800 1259 479 0.3805
2837.1900 1260 479 0.3802
2837.1900 1260 480 0.3810
2837.1900 1261 480 0.3807
2837.2000 1261 481 0.3814
2839.4000 1262 481 0.3811
2839.4000 1263 481 0.3808
2839.4100 1264 481 0.3805
2839.4100 1265 481 0.3802
2839.4100 1265 482 0.3810
2839.4200 1266 482 0.3807
2839.4200 1266 483 0.3815
2839.4200 1267 483 0.3812
2839.4300 1267 484 0.3820
2975.3700 1268 484 0.3817
2975.3700 1269 484 0.3814
2975.3800 1270 484 0.3811
2975.3800 1270 485 0.3819
2975.3800 1271 485 0.3816
2975.3800 1272 485 0.3813
2975.3900 1273 485 0.3810
2975.3900 1273 486 0.3818
2975.4000 1274 486 0.3815
2975.4000 1274 487 0.3823
2986.0600 1275 487 0.3820
2986.0600 1276 487 0.3817
2986.0700 1277 487 0.3814
2986.0700 1277 488 0.3821
2986.0700 1278 488 0.3818
2986.0700 1279 488 0.3815
2986.0800 1280 488 0.3813
2986.0800 1280 489 0.3820
2986.0900 1280 490 0.3828
3061.6600 1281 490 0.3825
3061.6600 1282 490 0.3822
3061.6700 1283 490 0.3819
3061.6700 1284 490 0.3816
3061.6700 1284 491 0.3824
3061.6800 1285 491 0.3821
3061.6800 1285 492 0.3829
3061.6800 1286 492 0.3826
3061.6900 1286 493 0.3834
3066.6700 1287 493 0.3831
3066.6700 1288 493 0.3828
3066.6800 1289 493 0.3825
3066.6800 1289 494 0.3832
3066.6800 1290 494 0.3829
3066.6900 1291 494 0.3826
3066.6900 1291 495 0.3834
3066.6900 1292 495 0.3831
3066.7000 1292 496 0.3839
3072.4800 1293 496 0.3836
3072.4800 1294 496 0.3833
3072.4900 1295 496 0.3830
3072.4900 1296 496 0.3827
3072.4900 1296 497 0.3835
3072.4900 1297 497 0.3832
3072.5000 1298 497 0.3829
3072.5000 1298 498 0.3837
3072.5100 1299 498 0.3834
3072.5100 1299 499 0.3841
3127.2100 1300 499 0.3838
3127.2100 1301 499 0.3836
3127.2200 1302 499 0.3833
3127.2200 1303 499 0.3830
3127.2200 1303 500 0.3837
3127.2300 1304 500 0.3834
3127.2300 1304 501 0.3842
3127.2300 1305 501 0.3839
3127.2400 1305 502 0.3847
3127.5100 1306 502 0.3844
3127.5100 1307 502 0.3841
3127.5200 1308 502 0.3838
3127.5200 1309 502 0.3835
3127.5200 1309 503 0.3843
3127.5300 1310 503 0.3840
3127.5300 1310 504 0.3847
3127.5300 1311 504 0.3844
3127.5400 1311 505 0.3852
3187.8100 1312 505 0.3849
3187.8100 1313 505 0.3846
3187.8200 1314 505 0.3843
3187.8200 1314 506 0.3851
3187.8200 1315 506 0.3848
3187.8300 1316 506 0.3845
3187.8300 1316 507 0.3853
3187.8300 1317 507 0.3850
3187.8400 1317 508 0.3857
3189.3700 1318 508 0.3854
3189.3700 1319 508 0.3851
3189.3800 1320 508 0.3848
3189.3800 1321 508 0.3846
3189.3800 1321 509 0.3853
3189.3800 1322 509 0.3850
3189.3900 1323 509 0.3847
3189.3900 1323 510 0.3855
3189.4000 1324 510 0.3852
3189.4000 1324 511 0.3860
3192.4800 1325 511 0.3857
3192.4800 1326 511 0.3854
3192.4900 1327 511 0.3851
3192.4900 1328 511 0.3848
3192.4900 1328 512 0.3855
3192.4900 1329 512 0.3853
3192.5000 1330 512 0.3850
3192.5000 1330 513 0.3857
3192.5100 1330 514 0.3865
3227.7600 1331 514 0.3862
3227.7600 1332 514 0.3859
3227.7700 1333 514 0.3856
3227.7700 1333 515 0.3863
3227.7700 1334 515 0.3861
3227.7800 1335 515 0.3858
3227.7800 1335 516 0.3865
3227.7800 1336 516 0.3862
3227.7900 1336 517 0.3870
3248.5600 1337 517 0.3867
3248.5600 1338 517 0.3864
3248.5700 1339 517 0.3861
3248.5700 1339 518 0.3869
3248.5700 1340 518 0.3866
3248.5700 1341 518 0.3863
3248.5800 1342 518 0.3860
3248.5800 1342 519 0.3867
3248.5900 1342 520 0.3875
3316.9800 1343 520 0.3872
3316.9800 1344 520 0.3869
3316.9900 1345 520 0.3866
3316.9900 1345 521 0.3874
3316.9900 1346 521 0.3871
3316.9900 1347 521 0.3868
3317.0000 1348 521 0.3865
3317.0000 1348 522 0.3872
3317.0100 1348 523 0.3880
3317.6600 1349 523 0.3877
3317.6600 1350 523 0.3874
3317.6700 1351 523 0.3871
3317.6700 1352 523 0.3868
3317.6700 1352 524 0.3876
3317.6800 1353 524 0.3873
3317.6800 1353 525 0.3880
3317.6800 1354 525 0.3877
3317.6900 1354 526 0.3885
3346.1700 1355 526 0.3882
3346.1700 1356 526 0.3879
3346.1800 1357 526 0.3876
3346.1800 1358 526 0.3873
3346.1800 1358 527 0.3881
3346.1900 1359 527 0.3878
3346.1900 1359 528 0.3885
3346.1900 1360 528 0.3882
3346.2000 1360 529 0.3890
3365.7900 1361 529 0.3887
3365.7900 1362 529 0.3884
3365.8000 1363 529 0.3881
3365.8000 1363 530 0.3888
3365.8000 1364 530 0.3886
3365.8100 1365 530 0.3883
3365.8100 1365 531 0.3890
3365.8100 1366 531 0.3887
3365.8200 1366 532 0.3895
3372.6600 1367 532 0.3892
3372.6600 1368 532 0.3889
3372.6700 1369 532 0.3886
3372.6700 1370 532 0.3883
3372.6700 1370 533 0.3891
3372.6700 1371 533 0.3888
3372.6800 1372 533 0.3885
3372.6800 1372 534 0.3892
3372.6900 1373 534 0.3889
3372.6900 1373 535 0.3897
3377.5800 1374 535 0.3894
3377.5800 1375 535 0.3891
3377.5900 1376 535 0.3888
3377.5900 1377 535 0.3885
3377.5900 1377 536 0.3893
3377.5900 1378 536 0.3890
3377.6000 1379 536 0.3887
3377.6000 1379 537 0.3894
3377.6100 1380 537 0.3891
3377.6100 1380 538 0.3899
3449.1100 1381 538 0.3896
3449.1100 1382 538 0.3893
3449.1200 1383 538 0.3890
3449.1200 1384 538 0.3887
3449.1200 1384 539 0.3895
3449.1300 1385 539 0.3892
3449.1300 1385 540 0.3899
3449.1300 1386 540 0.3896
3449.1400 1386 541 0.3903
3581.1800 1387 541 0.3901
3581.1800 1388 541 0.3898
3581.1900 1389 541 0.3895
3581.1900 1390 541 0.3892
3581.1900 1390 542 0.3899
3581.1900 1391 542 0.3896
3581.2000 1392 542 0.3894
3581.2000 1392 543 0.3901
3581.2100 1393 543 0.3898
3581.2100 1393 544 0.3905
3584.6100 1394 544 0.3902
3584.6100 1395 544 0.3900
3584.6200 1396 544 0.3897
3584.6200 1397 544 0.3894
3584.6200 1397 545 0.3901
3584.6200 1398 545 0.3898
3584.6300 1399 545 0.3896
3584.6300 1399 546 0.3903
3584.6400 1400 546 0.3900
3584.6400 1400 547 0.3907
3591.2300 1401 547 0.3904
3591.2300 1402 547 0.3902
3591.2400 1403 547 0.3899
3591.2400 1404 547 0.3896
3591.2400 1404 548 0.3903
3591.2500 1405 548 0.3900
3591.2500 1405 549 0.3907
3591.2500 1406 549 0.3905
3591.2600 1406 550 0.3912
3649.8800 1407 550 0.3909
3649.8800 1408 550 0.3906
3649.8900 1409 550 0.3903
3649.8900 1409 551 0.3911
3649.8900 1410 551 0.3908
3649.8900 1411 551 0.3905
3649.9000 1412 551 0.3902
3649.9000 1412 552 0.3909
3649.9100 1413 552 0.3907
3649.9100 1413 553 0.3914
3665.9500 1414 553 0.3911
3665.9500 1415 553 0.3908
3665.9600 1416 553 0.3905
3665.9600 1416 554 0.3912
3665.9600 1417 554 0.3910
3665.9700 1418 554 0.3907
3665.9700 1418 555 0.3914
3665.9700 1419 555 0.3911
3665.9800 1419 556 0.3918
3673.0300 1420 556 0.3915
3673.0300 1421 556 0.3913
3673.0400 1422 556 0.3910
3673.0400 1422 557 0.3917
3673.0400 1423 557 0.3914
3673.0400 1424 557 0.3912
3673.0500 1425 557 0.3909
3673.0500 1425 558 0.3916
3673.0600 1426 558 0.3913
3673.0600 1426 559 0.3920
3678.0000 1427 559 0.3917
3678.0000 1428 559 0.3915
3678.0100 1429 559 0.3912
3678.0100 1429 560 0.3919
3678.0100 1430 560 0.3916
3678.0100 1431 560 0.3913
3678.0200 1432 560 0.3911
3678.0200 1432 561 0.3918
3678.0300 1433 561 0.3915
3678.0300 1433 562 0.3922
3770.7000 1434 562 0.3919
3770.7000 1435 562 0.3916
3770.7100 1436 562 0.3914
3770.7100 1436 563 0.3921
3770.7100 1437 563 0.3918
3770.7100 1438 563 0.3915
3770.7200 1439 563 0.3912
3770.7200 1439 564 0.3919
3770.7300 1440 564 0.3917
3770.7300 1440 565 0.3924
3797.2700 1441 565 0.3921
3797.2700 1442 565 0.3918
3797.2800 1443 565 0.3915
3797.2800 1444 565 0.3913
3797.2800 1444 566 0.3920
3797.2800 1445 566 0.3917
3797.2900 1446 566 0.3914
3797.2900 1446 567 0.3921
3797.3000 1446 568 0.3928
3927.1200 1447 568 0.3925
3927.1200 1448 568 0.3923
3927.1300 1449 568 0.3920
3927.1300 1450 568 0.3917
3927.1300 1450 569 0.3924
3927.1300 1451 569 0.3921
3927.1400 1452 569 0.3919
3927.1400 1452 570 0.3926
3927.1500 1453 570 0.3923
3927.1500 1453 571 0.3930
3935.3500 1454 571 0.3927
3935.3500 1455 571 0.3924
3935.3600 1456 571 0.3922
3935.3600 1456 572 0.3929
3935.3600 1457 572 0.3926
3935.3600 1458 572 0.3923
3935.3700 1459 572 0.3920
3935.3700 1459 573 0.3927
3935.3800 1459 574 0.3934
4092.3200 1460 574 0.3932
4092.3200 1461 574 0.3929
4092.3300 1462 574 0.3926
4092.3300 1463 574 0.3923
4092.3300 1463 575 0.3930
4092.3400 1464 575 0.3928
4092.3400 1464 576 0.3934
4092.3400 1465 576 0.3932
4092.3500 1465 577 0.3939
4163.8900 1466 577 0.3936
4163.8900 1467 577 0.3933
4163.9000 1468 577 0.3931
4163.9000 1468 578 0.3937
4163.9000 1469 578 0.3935
4163.9100 1470 578 0.3932
4163.9100 1470 579 0.3939
4163.9100 1471 579 0.3936
4163.9200 1471 580 0.3943
4261.8900 1472 580 0.3940
4261.8900 1473 580 0.3938
4261.9000 1474 580 0.3935
4261.9000 1474 581 0.3942
4261.9000 1475 581 0.3939
4261.9100 1476 581 0.3936
4261.9100 1476 582 0.3943
4261.9100 1477 582 0.3940
4261.9200 1477 583 0.3947
4311.4800 1478 583 0.3945
4311.4800 1479 583 0.3942
4311.4900 1480 583 0.3939
4311.4900 1481 583 0.3937
4311.4900 1481 584 0.3943
4311.4900 1482 584 0.3941
4311.5000 1483 584 0.3938
4311.5000 1483 585 0.3945
4311.5100 1484 585 0.3942
4311.5100 1484 586 0.3949
4374.6200 1485 586 0.3946
4374.6200 1486 586 0.3943
4374.6300 1487 586 0.3941
4374.6300 1488 586 0.3938
4374.6300 1488 587 0.3945
4374.6400 1489 587 0.3942
4374.6400 1489 588 0.3949
4374.6400 1490 588 0.3946
4374.6500 1490 589 0.3953
4377.6200 1491 589 0.3950
4377.6200 1492 589 0.3948
4377.6300 1493 589 0.3945
4377.6300 1494 589 0.3942
4377.6300 1494 590 0.3949
4377.6400 1495 590 0.3946
4377.6400 1495 591 0.3953
4377.6400 1496 591 0.3951
4377.6500 1496 592 0.3957
4384.9300 1497 592 0.3955
4384.9300 1498 592 0.3952
4384.9400 1499 592 0.3949
4384.9400 1499 593 0.3956
4384.9400 1500 593 0.3953
4384.9400 1501 593 0.3951
4384.9500 1502 593 0.3948
4384.9500 1502 594 0.3955
4384.9600 1502 595 0.3961
4434.7900 1503 595 0.3959
4434.7900 1504 595 0.3956
4434.8000 1505 595 0.3953
4434.8000 1505 596 0.3960
4434.8000 1506 596 0.3958
4434.8100 1507 596 0.3955
4434.8100 1507 597 0.3962
4434.8100 1508 597 0.3959
4434.8200 1508 598 0.3966
4481.5400 1509 598 0.3963
4481.5400 1510 598 0.3960
4481.5500 1511 598 0.3958
4481.5500 1511 599 0.3964
4481.5500 1512 599 0.3962
4481.5600 1513 599 0.3959
4481.5600 1513 600 0.3966
4481.5600 1514 600 0.3963
4481.5700 1514 601 0.3970
4564.5500 1515 601 0.3967
4564.5500 1516 601 0.3964
4564.5600 1517 601 0.3962
4564.5600 1518 601 0.3959
4564.5600 1518 602 0.3966
4564.5600 1519 602 0.3963
4564.5700 1520 602 0.3961
4564.5700 1520 603 0.3967
4564.5800 1520 604 0.3974
4565.9700 1521 604 0.3971
4565.9700 1522 604 0.3968
4565.9800 1523 604 0.3966
4565.9800 1524 604 0.3963
4565.9800 1524 605 0.3970
4565.9900 1525 605 0.3967
4565.9900 1525 606 0.3974
4565.9900 1526 606 0.3971
4566.0000 1526 607 0.3978
4729.4600 1527 607 0.3975
4729.4600 1528 607 0.3973
4729.4700 1529 607 0.3970
4729.4700 1530 607 0.3967
4729.4700 1530 608 0.3974
4729.4800 1531 608 0.3971
4729.4800 1531 609 0.3978
4729.4800 1532 609 0.3975
4729.4900 1532 610 0.3982
4791.3000 1533 610 0.3979
4791.3000 1534 610 0.3977
4791.3100 1535 610 0.3974
4791.3100 1536 610 0.3971
4791.3100 1536 611 0.3978
4791.3200 1537 611 0.3975
4791.3200 1537 612 0.3982
4791.3200 1538 612 0.3979
4791.3300 1538 613 0.3986
4797.8500 1539 613 0.3983
4797.8500 1540 613 0.3981
4797.8600 1541 613 0.3978
4797.8600 1542 613 0.3975
4797.8600 1542 614 0.3982
4797.8600 1543 614 0.3979
4797.8700 1544 614 0.3977
4797.8700 1544 615 0.3983
4797.8800 1544 616 0.3990
4826.3300 1545 616 0.3987
4826.3300 1546 616 0.3984
4826.3400 1547 616 0.3982
4826.3400 1548 616 0.3979
4826.3400 1548 617 0.3986
4826.3500 1549 617 0.3983
4826.3500 1549 618 0.3990
4826.3500 1550 618 0.3987
4826.3600 1550 619 0.3994
4981.7300 1551 619 0.3991
4981.7300 1552 619 0.3988
4981.7400 1553 619 0.3986
4981.7400 1553 620 0.3992
4981.7400 1554 620 0.3990
4981.7500 1555 620 0.3987
4981.7500 1555 621 0.3994
4981.7500 1556 621 0.3991
4981.7600 1556 622 0.3997
5002.7700 1557 622 0.3995
5002.7700 1558 622 0.3992
5002.7800 1559 622 0.3990
5002.7800 1559 623 0.3996
5002.7800 1560 623 0.3994
5002.7800 1561 623 0.3991
5002.7900 1562 623 0.3988
5002.7900 1562 624 0.3995
5002.8000 1562 625 0.4001
5016.0300 1563 625 0.3999
5016.0300 1564 625 0.3996
5016.0400 1565 625 0.3994
5016.0400 1565 626 0.4000
5016.0400 1566 626 0.3997
5016.0400 1567 626 0.3995
5016.0500 1568 626 0.3992
5016.0500 1568 627 0.3999
5016.0600 1568 628 0.4005
5155.0000 1569 628 0.4003
5155.0000 1570 628 0.4000
5155.0100 1571 628 0.3997
5155.0100 1571 629 0.4004
5155.0100 1572 629 0.4001
5155.0100 1573 629 0.3999
5155.0200 1574 629 0.3996
5155.0200 1574 630 0.4003
5155.0300 1575 630 0.4000
5155.0300 1575 631 0.4006
5221.0200 1576 631 0.4004
5221.0200 1577 631 0.4001
5221.0300 1578 631 0.3999
5221.0300 1579 631 0.3996
5221.0300 1579 632 0.4003
5221.0300 1580 632 0.4000
5221.0400 1581 632 0.3997
5221.0400 1581 633 0.4004
5221.0500 1582 633 0.4001
5221.0500 1582 634 0.4008
5293.1300 1583 634 0.4005
5293.1300 1584 634 0.4003
5293.1400 1585 634 0.4000
5293.1400 1586 634 0.3997
5293.1400 1586 635 0.4004
5293.1500 1587 635 0.4001
5293.1500 1587 636 0.4008
5293.1500 1588 636 0.4005
5293.1600 1588 637 0.4011
5298.8600 1589 637 0.4009
5298.8600 1590 637 0.4006
5298.8700 1591 637 0.4004
5298.8700 1591 638 0.4010
5298.8700 1592 638 0.4008
5298.8800 1593 638 0.4005
5298.8800 1593 639 0.4011
5298.8800 1594 639 0.4009
5298.8900 1594 640 0.4015
5362.1700 1595 640 0.4013
5362.1700 1596 640 0.4010
5362.1800 1597 640 0.4008
5362.1800 1598 640 0.4005
5362.1800 1598 641 0.4011
5362.1900 1599 641 0.4009
5362.1900 1599 642 0.4015
5362.1900 1600 642 0.4013
5362.2000 1600 643 0.4019
5400.2200 1601 643 0.4016
5400.2200 1602 643 0.4014
5400.2300 1603 643 0.4011
5400.2300 1604 643 0.4009
5400.2300 1604 644 0.4015
5400.2300 1605 644 0.4012
5400.2400 1606 644 0.4010
5400.2400 1606 645 0.4016
5400.2500 1607 645 0.4014
5400.2500 1607 646 0.4020
5498.4300 1608 646 0.4017
5498.4300 1609 646 0.4015
5498.4400 1610 646 0.4012
5498.4400 1610 647 0.4019
5498.4400 1611 647 0.4016
5498.4500 1612 647 0.4014
5498.4500 1612 648 0.4020
5498.4500 1613 648 0.4017
5498.4600 1613 649 0.4024
5501.6500 1614 649 0.4021
5501.6500 1615 649 0.4019
5501.6600 1616 649 0.4016
5501.6600 1616 650 0.4022
5501.6600 1617 650 0.4020
5501.6700 1618 650 0.4017
5501.6700 1618 651 0.4023
5501.6700 1619 651 0.4021
5501.6800 1619 652 0.4027
5533.0400 1620 652 0.4025
5533.0400 1621 652 0.4022
5533.0500 1622 652 0.4020
5533.0500 1623 652 0.4017
5533.0500 1623 653 0.4023
5533.0500 1624 653 0.4021
5533.0600 1625 653 0.4018
5533.0600 1625 654 0.4025
5533.0700 1625 655 0.4031
5548.5700 1626 655 0.4028
5548.5700 1627 655 0.4026
5548.5800 1628 655 0.4023
5548.5800 1629 655 0.4021
5548.5800 1629 656 0.4027
5548.5900 1630 656 0.4025
5548.5900 1630 657 0.4031
5548.5900 1631 657 0.4028
5548.6000 1631 658 0.4034
5607.6300 1632 658 0.4032
5607.6300 1633 658 0.4029
5607.6400 1634 658 0.4027
5607.6400 1634 659 0.4033
5607.6400 1635 659 0.4031
5607.6400 1636 659 0.4028
5607.6500 1637 659 0.4026
5607.6500 1637 660 0.4032
5607.6600 1638 660 0.4029
5607.6600 1638 661 0.4035
5625.9700 1639 661 0.4033
5625.9700 1640 661 0.4030
5625.9800 1641 661 0.4028
5625.9800 1642 661 0.4026
5625.9800 1642 662 0.4032
5625.9900 1643 662 0.4029
5625.9900 1643 663 0.4035
5625.9900 1644 663 0.4033
5626.0000 1644 664 0.4039
5797.2200 1645 664 0.4036
5797.2200 1646 664 0.4034
5797.2300 1647 664 0.4032
5797.2300 1647 665 0.4038
5797.2300 1648 665 0.4035
5797.2300 1649 665 0.4033
5797.2400 1650 665 0.4030
5797.2400 1650 666 0.4036
5797.2500 1651 666 0.4034
5797.2500 1651 667 0.4040
5805.4500 1652 667 0.4038
5805.4500 1653 667 0.4035
5805.4600 1654 667 0.4033
5805.4600 1654 668 0.4039
5805.4600 1655 668 0.4036
5805.4700 1656 668 0.4034
5805.4700 1656 669 0.4040
5805.4700 1657 669 0.4037
5805.4800 1657 670 0.4043
5850.8800 1658 670 0.4041
5850.8800 1659 670 0.4039
5850.8900 1660 670 0.4036
5850.8900 1660 671 0.4042
5850.8900 1661 671 0.4040
5850.8900 1662 671 0.4037
5850.9000 1663 671 0.4035
5850.9000 1663 672 0.4041
5850.9100 1664 672 0.4038
5850.9100 1664 673 0.4044
5854.1900 1665 673 0.4042
5854.1900 1666 673 0.4040
5854.2000 1667 673 0.4037
5854.2000 1668 673 0.4035
5854.2000 1668 674 0.4041
5854.2100 1669 674 0.4038
5854.2100 1669 675 0.4044
5854.2100 1670 675 0.4042
5854.2200 1670 676 0.4048
5947.4600 1671 676 0.4045
5947.4600 1672 676 0.4043
5947.4700 1673 676 0.4041
5947.4700 1673 677 0.4047
5947.4700 1674 677 0.4044
5947.4700 1675 677 0.4042
5947.4800 1676 677 0.4039
5947.4800 1676 678 0.4045
5947.4900 1677 678 0.4043
5947.4900 1677 679 0.4049
6003.5700 1678 679 0.4046
6003.5700 1679 679 0.4044
6003.5800 1680 679 0.4042
6003.5800 1681 679 0.4039
6003.5800 1681 680 0.4045
6003.5800 1682 680 0.4043
6003.5900 1683 680 0.4040
6003.5900 1683 681 0.4046
6003.6000 1684 681 0.4044
6003.6000 1684 682 0.4050
6014.9800 1685 682 0.4047
6014.9800 1686 682 0.4045
6014.9900 1687 682 0.4043
6014.9900 1688 682 0.4040
6014.9900 1688 683 0.4046
6015.0000 1689 683 0.4044
6015.0000 1689 684 0.4050
6015.0000 1690 684 0.4047
6015.0100 1690 685 0.4053
6064.1900 1691 685 0.4051
6064.1900 1692 685 0.4048
6064.2000 1693 685 0.4046
6064.2000 1694 685 0.4044
6064.2000 1694 686 0.4050
6064.2100 1695 686 0.4047
6064.2100 1695 687 0.4053
6064.2100 1696 687 0.4051
6064.2200 1696 688 0.4057
6132.1800 1697 688 0.4054
6132.1800 1698 688 0.4052
6132.1900 1699 688 0.4049
6132.1900 1700 688 0.4047
6132.1900 1700 689 0.4053
6132.2000 1701 689 0.4051
6132.2000 1701 690 0.4056
6132.2000 1702 690 0.4054
6132.2100 1702 691 0.4060
6179.3300 1703 691 0.4058
6179.3300 1704 691 0.4055
6179.3400 1705 691 0.4053
6179.3400 1705 692 0.4059
6179.3400 1706 692 0.4056
6179.3400 1707 692 0.4054
6179.3500 1708 692 0.4052
6179.3500 1708 693 0.4057
6179.3600 1709 693 0.4055
6179.3600 1709 694 0.4061
6216.2100 1710 694 0.4058
6216.2100 1711 694 0.4056
6216.2200 1712 694 0.4054
6216.2200 1712 695 0.4060
6216.2200 1713 695 0.4057
6216.2300 1714 695 0.4055
6216.2300 1714 696 0.4061
6216.2300 1715 696 0.4058
6216.2400 1715 697 0.4064
6228.7200 1716 697 0.4062
6228.7200 1717 697 0.4059
6228.7300 1718 697 0.4057
6228.7300 1719 697 0.4055
6228.7300 1719 698 0.4061
6228.7400 1720 698 0.4058
6228.7400 1720 699 0.4064
6228.7400 1721 699 0.4062
6228.7500 1721 700 0.4067
6381.1300 1722 700 0.4065
6381.1300 1723 700 0.4063
6381.1400 1724 700 0.4060
6381.1400 1725 700 0.4058
6381.1400 1725 701 0.4064
6381.1400 1726 701 0.4061
6381.1500 1727 701 0.4059
6381.1500 1727 702 0.4065
6381.1600 1728 702 0.4063
6381.1600 1728 703 0.4068
6489.6200 1729 703 0.4066
6489.6200 1730 703 0.4064
6489.6300 1731 703 0.4061
6489.6300 1731 704 0.4067
6489.6300 1732 704 0.4065
6489.6400 1733 704 0.4062
6489.6400 1733 705 0.4068
6489.6400 1734 705 0.4066
6489.6500 1734 706 0.4072
6693.9400 1735 706 0.4069
6693.9400 1736 706 0.4067
6693.9500 1737 706 0.4064
6693.9500 1738 706 0.4062
6693.9500 1738 707 0.4068
6693.9500 1739 707 0.4066
6693.9600 1740 707 0.4063
6693.9600 1740 708 0.4069
6693.9700 1741 708 0.4067
6693.9700 1741 709 0.4072
6712.6400 1742 709 0.4070
6712.6400 1743 709 0.4068
6712.6500 1744 709 0.4065
6712.6500 1744 710 0.4071
6712.6500 1745 710 0.4069
6712.6500 1746 710 0.4066
6712.6600 1747 710 0.4064
6712.6600 1747 711 0.4070
6712.6700 1748 711 0.4068
6712.6700 1748 712 0.4073
6827.8100 1749 712 0.4071
6827.8100 1750 712 0.4069
6827.8200 1751 712 0.4066
6827.8200 1752 712 0.4064
6827.8200 1752 713 0.4070
6827.8200 1753 713 0.4067
6827.8300 1754 713 0.4065
6827.8300 1754 714 0.4071
6827.8400 1755 714 0.4068
6827.8400 1755 715 0.4074
6855.6700 1756 715 0.4072
6855.6700 1757 715 0.4069
6855.6800 1758 715 0.4067
6855.6800 1759 715 0.4065
6855.6800 1759 716 0.4070
6855.6800 1760 716 0.4068
6855.6900 1761 716 0.4066
6855.6900 1761 717 0.4072
6855.7000 1762 717 0.4069
6855.7000 1762 718 0.4075
6907.4200 1763 718 0.4073
6907.4200 1764 718 0.4070
6907.4300 1765 718 0.4068
6907.4300 1766 718 0.4066
6907.4300 1766 719 0.4071
6907.4300 1767 719 0.4069
6907.4400 1768 719 0.4067
6907.4400 1768 720 0.4072
6907.4500 1768 721 0.4078
6949.3300 1769 721 0.4076
6949.3300 1770 721 0.4073
6949.3400 1771 721 0.4071
6949.3400 1771 722 0.4077
6949.3400 1772 722 0.4074
6949.3500 1773 722 0.4072
6949.3500 1773 723 0.4078
6949.3500 1774 723 0.4076
6949.3600 1774 724 0.4081
7056.8700 1775 724 0.4079
7056.8700 1776 724 0.4077
7056.8800 1777 724 0.4074
7056.8800 1777 725 0.4080
7056.8800 1778 725 0.4078
7056.8900 1779 725 0.4075
7056.8900 1779 726 0.4081
7056.8900 1780 726 0.4079
7056.9000 1780 727 0.4084
7209.4000 1781 727 0.4082
7209.4000 1782 727 0.4080
7209.4100 1783 727 0.4077
7209.4100 1783 728 0.4083
7209.4100 1784 728 0.4081
7209.4100 1785 728 0.4078
7209.4200 1786 728 0.4076
7209.4200 1786 729 0.4082
7209.4300 1786 730 0.4087
7237.5100 1787 730 0.4085
7237.5100 1788 730 0.4083
7237.5200 1789 730 0.4080
7237.5200 1790 730 0.4078
7237.5200 1790 731 0.4084
7237.5200 1791 731 0.4082
7237.5300 1792 731 0.4079
7237.5300 1792 732 0.4085
7237.5400 1793 732 0.4083
7237.5400 1793 733 0.4088
7246.1000 1794 733 0.4086
7246.1000 1795 733 0.4084
7246.1100 1796 733 0.4081
7246.1100 1797 733 0.4079
7246.1100 1797 734 0.4085
7246.1200 1798 734 0.4082
7246.1200 1798 735 0.4088
7246.1200 1799 735 0.4086
7246.1300 1799 736 0.4091
7352.4500 1800 736 0.4089
7352.4500 1801 736 0.4087
7352.4600 1802 736 0.4084
7352.4600 1802 737 0.4090
7352.4600 1803 737 0.4088
7352.4700 1804 737 0.4085
7352.4700 1804 738 0.4091
7352.4700 1805 738 0.4089
7352.4800 1805 739 0.4094
7375.8500 1806 739 0.4092
7375.8500 1807 739 0.4090
7375.8600 1808 739 0.4087
7375.8600 1809 739 0.4085
7375.8600 1809 740 0.4091
7375.8700 1810 740 0.4088
7375.8700 1810 741 0.4094
7375.8700 1811 741 0.4092
7375.8800 1811 742 0.4097
7479.8200 1812 742 0.4095
7479.8200 1813 742 0.4093
7479.8300 1814 742 0.4090
7479.8300 1814 743 0.4096
7479.8300 1815 743 0.4094
7479.8300 1816 743 0.4091
7479.8400 1817 743 0.4089
7479.8400 1817 744 0.4095
7479.8500 1817 745 0.4100
7732.6500 1818 745 0.4098
7732.6500 1819 745 0.4096
7732.6600 1820 745 0.4093
7732.6600 1821 745 0.4091
7732.6600 1821 746 0.4097
7732.6600 1822 746 0.4094
7732.6700 1823 746 0.4092
7732.6700 1823 747 0.4098
7732.6800 1824 747 0.4095
7732.6800 1824 748 0.4101
7815.0200 1825 748 0.4099
7815.0200 1826 748 0.4096
7815.0300 1827 748 0.4094
7815.0300 1827 749 0.4100
7815.0300 1828 749 0.4097
7815.0300 1829 749 0.4095
7815.0400 1830 749 0.4093
7815.0400 1830 750 0.4098
7815.0500 1831 750 0.4096
7815.0500 1831 751 0.4102
8086.9000 1832 751 0.4099
8086.9000 1833 751 0.4097
8086.9100 1834 751 0.4095
8086.9100 1834 752 0.4100
8086.9100 1835 752 0.4098
8086.9200 1836 752 0.4096
8086.9200 1836 753 0.4101
8086.9200 1837 753 0.4099
8086.9300 1837 754 0.4105
8092.1400 1838 754 0.4102
8092.1400 1839 754 0.4100
8092.1500 1840 754 0.4098
8092.1500 1841 754 0.4096
8092.1500 1841 755 0.4101
8092.1500 1842 755 0.4099
8092.1600 1843 755 0.4097
8092.1600 1843 756 0.4102
8092.1700 1844 756 0.4100
8092.1700 1844 757 0.4105
8349.9400 1845 757 0.4103
8349.9400 1846 757 0.4101
8349.9500 1847 757 0.4099
8349.9500 1847 758 0.4104
8349.9500 1848 758 0.4102
8349.9500 1849 758 0.4100
8349.9600 1850 758 0.4097
8349.9600 1850 759 0.4103
8349.9700 1851 759 0.4100
8349.9700 1851 760 0.4106
8351.8900 1852 760 0.4104
8351.8900 1853 760 0.4101
8351.9000 1854 760 0.4099
8351.9000 1855 760 0.4097
8351.9000 1855 761 0.4102
8351.9100 1856 761 0.4100
8351.9100 1856 762 0.4106
8351.9100 1857 762 0.4103
8351.9200 1857 763 0.4109
8363.9800 1858 763 0.4107
8363.9800 1859 763 0.4104
8363.9900 1860 763 0.4102
8363.9900 1861 763 0.4100
8363.9900 1861 764 0.4105
8363.9900 1862 764 0.4103
8364.0000 1863 764 0.4101
8364.0000 1863 765 0.4106
8364.0100 1863 766 0.4112
8409.0600 1864 766 0.4109
8409.0600 1865 766 0.4107
8409.0700 1866 766 0.4105
8409.0700 1866 767 0.4110
8409.0700 1867 767 0.4108
8409.0800 1868 767 0.4106
8409.0800 1868 768 0.4111
8409.0800 1869 768 0.4109
8409.0900 1869 769 0.4114
8487.8400 1870 769 0.4112
8487.8400 1871 769 0.4110
8487.8500 1872 769 0.4108
8487.8500 1873 769 0.4106
8487.8500 1873 770 0.4111
8487.8600 1874 770 0.4109
8487.8600 1874 771 0.4114
8487.8600 1875 771 0.4112
8487.8700 1875 772 0.4117
8518.4100 1876 772 0.4115
8518.4100 1877 772 0.4113
8518.4200 1878 772 0.4111
8518.4200 1879 772 0.4109
8518.4200 1879 773 0.4114
8518.4200 1880 773 0.4112
8518.4300 1881 773 0.4110
8518.4300 1881 774 0.4115
8518.4400 1882 774 0.4113
8518.4400 1882 775 0.4118
8564.9300 1883 775 0.4116
8564.9300 1884 775 0.4114
8564.9400 1885 775 0.4111
8564.9400 1886 775 0.4109
8564.9400 1886 776 0.4115
8564.9500 1887 776 0.4112
8564.9500 1887 777 0.4118
8564.9500 1888 777 0.4115
8564.9600 1888 778 0.4121
8607.4500 1889 778 0.4119
8607.4500 1890 778 0.4116
8607.4600 1891 778 0.4114
8607.4600 1892 778 0.4112
8607.4600 1892 779 0.4117
8607.4600 1893 779 0.4115
8607.4700 1894 779 0.4113
8607.4700 1894 780 0.4118
8607.4800 1894 781 0.4124
8653.8700 1895 781 0.4121
8653.8700 1896 781 0.4119
8653.8800 1897 781 0.4117
8653.8800 1898 781 0.4115
8653.8800 1898 782 0.4120
8653.8800 1899 782 0.4118
8653.8900 1900 782 0.4116
8653.8900 1900 783 0.4121
8653.9000 1901 783 0.4119
8653.9000 1901 784 0.4124
8772.6000 1902 784 0.4122
8772.6000 1903 784 0.4120
8772.6100 1904 784 0.4118
8772.6100 1905 784 0.4115
8772.6100 1905 785 0.4121
8772.6200 1906 785 0.4119
8772.6200 1906 786 0.4124
8772.6200 1907 786 0.4122
8772.6300 1907 787 0.4127
8802.0300 1908 787 0.4125
8802.0300 1909 787 0.4123
8802.0400 1910 787 0.4120
8802.0400 1910 788 0.4126
8802.0400 1911 788 0.4123
8802.0500 1912 788 0.4121
8802.0500 1912 789 0.4127
8802.0500 1913 789 0.4124
8802.0600 1913 790 0.4130
8830.5100 1914 790 0.4127
8830.5100 1915 790 0.4125
8830.5200 1916 790 0.4123
8830.5200 1916 791 0.4128
8830.5200 1917 791 0.4126
8830.5200 1918 791 0.4124
8830.5300 1919 791 0.4122
8830.5300 1919 792 0.4127
8830.5400 1920 792 0.4125
8830.5400 1920 793 0.4130
9016.4900 1921 793 0.4128
9016.4900 1922 793 0.4126
9016.5000 1923 793 0.4124
9016.5000 1924 793 0.4122
9016.5000 1924 794 0.4127
9016.5000 1925 794 0.4125
9016.5100 1926 794 0.4123
9016.5100 1926 795 0.4128
9016.5200 1926 796 0.4133
9086.3700 1927 796 0.4131
9086.3700 1928 796 0.4129
9086.3800 1929 796 0.4126
9086.3800 1929 797 0.4132
9086.3800 1930 797 0.4130
9086.3800 1931 797 0.4127
9086.3900 1932 797 0.4125
9086.3900 1932 798 0.4130
9086.4000 1933 798 0.4128
9086.4000 1933 799 0.4133
9130.9800 1934 799 0.4131
9130.9800 1935 799 0.4129
9130.9900 1936 799 0.4127
9130.9900 1937 799 0.4125
9130.9900 1937 800 0.4130
9131.0000 1938 800 0.4128
9131.0000 1938 801 0.4133
9131.0000 1939 801 0.4131
9131.0100 1939 802 0.4136
9139.5000 1940 802 0.4134
9139.5000 1941 802 0.4132
9139.5100 1942 802 0.4130
9139.5100 1942 803 0.4135
9139.5100 1943 803 0.4133
9139.5100 1944 803 0.4131
9139.5200 1945 803 0.4129
9139.5200 1945 804 0.4134
9139.5300 1945 805 0.4139
9351.7400 1946 805 0.4137
9351.7400 1947 805 0.4135
9351.7500 1948 805 0.4132
9351.7500 1949 805 0.4130
9351.7500 1949 806 0.4135
9351.7600 1950 806 0.4133
9351.7600 1950 807 0.4138
9351.7600 1951 807 0.4136
9351.7700 1951 808 0.4141
9368.8100 1952 808 0.4139
9368.8100 1953 808 0.4137
9368.8200 1954 808 0.4135
9368.8200 1955 808 0.4133
9368.8200 1955 809 0.4138
9368.8200 1956 809 0.4136
9368.8300 1957 809 0.4134
9368.8300 1957 810 0.4139
9368.8400 1958 810 0.4137
9368.8400 1958 811 0.4142
9384.6500 1959 811 0.4140
9384.6500 1960 811 0.4138
9384.6600 1961 811 0.4136
9384.6600 1961 812 0.4141
9384.6600 1962 812 0.4139
9384.6600 1963 812 0.4137
9384.6700 1964 812 0.4134
9384.6700 1964 813 0.4140
9384.6800 1965 813 0.4137
9384.6800 1965 814 0.4142
9416.4100 1966 814 0.4140
9416.4100 1967 814 0.4138
9416.4200 1968 814 0.4136
9416.4200 1969 814 0.4134
9416.4200 1969 815 0.4139
9416.4300 1970 815 0.4137
9416.4300 1970 816 0.4142
9416.4300 1971 816 0.4140
9416.4400 1971 817 0.4145
9599.5000 1972 817 0.4143
9599.5000 1973 817 0.4141
9599.5100 1974 817 0.4139
9599.5100 1974 818 0.4144
9599.5100 1975 818 0.4142
9599.5200 1976 818 0.4140
9599.5200 1976 819 0.4145
9599.5200 1977 819 0.4143
9599.5300 1977 820 0.4148
9619.9200 1978 820 0.4146
9619.9200 1979 820 0.4144
9619.9300 1980 820 0.4141
9619.9300 1980 821 0.4146
9619.9300 1981 821 0.4144
9619.9300 1982 821 0.4142
9619.9400 1983 821 0.4140
9619.9400 1983 822 0.4145
9619.9500 1983 823 0.4150
9645.6900 1984 823 0.4148
9645.6900 1985 823 0.4146
9645.7000 1986 823 0.4144
9645.7000 1987 823 0.4142
9645.7000 1987 824 0.4147
9645.7000 1988 824 0.4145
9645.7100 1989 824 0.4143
9645.7100 1989 825 0.4148
9645.7200 1989 826 0.4153
9717.0500 1990 826 0.4151
9717.0500 1991 826 0.4149
9717.0600 1992 826 0.4147
9717.0600 1992 827 0.4152
9717.0600 1993 827 0.4150
9717.0700 1994 827 0.4147
9717.0700 1994 828 0.4152
9717.0700 1995 828 0.4150
9717.0800 1995 829 0.4155
9752.2800 1996 829 0.4153
9752.2800 1997 829 0.4151
9752.2900 1998 829 0.4149
9752.2900 1998 830 0.4154
9752.2900 1999 830 0.4152
9752.3000 2000 830 0.4150
9752.3000 2000 831 0.4155
9752.3000 2001 831 0.4153
9752.3100 2001 832 0.4158
9816.5400 2002 832 0.4156
9816.5400 2003 832 0.4154
9816.5500 2004 832 0.4152
9816.5500 2004 833 0.4157
9816.5500 2005 833 0.4155
9816.5500 2006 833 0.4153
9816.5600 2007 833 0.4150
9816.5600 2007 834 0.4155
9816.5700 2008 834 0.4153
9816.5700 2008 835 0.4158
10053.5200 2009 835 0.4156
10053.5200 2010 835 0.4154
10053.5300 2011 835 0.4152
10053.5300 2011 836 0.4157
10053.5300 2012 836 0.4155
10053.5400 2013 836 0.4153
10053.5400 2013 837 0.4158
10053.5400 2014 837 0.4156
10053.5500 2014 838 0.4161
10060.3900 2015 838 0.4159
10060.3900 2016 838 0.4157
10060.4000 2017 838 0.4155
10060.4000 2017 839 0.4160
10060.4000 2018 839 0.4158
10060.4000 2019 839 0.4156
10060.4100 2020 839 0.4153
10060.4100 2020 840 0.4158
10060.4200 2020 841 0.4163
10128.5200 2021 841 0.4161
10128.5200 2022 841 0.4159
10128.5300 2023 841 0.4157
10128.5300 2023 842 0.4162
10128.5300 2024 842 0.4160
10128.5400 2025 842 0.4158
10128.5400 2025 843 0.4163
10128.5400 2026 843 0.4161
10128.5500 2026 844 0.4166
10151.4200 2027 844 0.4164
10151.4200 2028 844 0.4162
10151.4300 2029 844 0.4160
10151.4300 2029 845 0.4165
10151.4300 2030 845 0.4163
10151.4300 2031 845 0.4161
10151.4400 2032 845 0.4158
10151.4400 2032 846 0.4163
10151.4500 2033 846 0.4161
10151.4500 2033 847 0.4166
10225.2500 2034 847 0.4164
10225.2500 2035 847 0.4162
10225.2600 2036 847 0.4160
10225.2600 2037 847 0.4158
10225.2600 2037 848 0.4163
10225.2600 2038 848 0.4161
10225.2700 2039 848 0.4159
10225.2700 2039 849 0.4164
10225.2800 2040 849 0.4162
10225.2800 2040 850 0.4167
10259.4300 2041 850 0.4165
10259.4300 2042 850 0.4163
10259.4400 2043 850 0.4161
10259.4400 2044 850 0.4159
10259.4400 2044 851 0.4163
10259.4500 2045 851 0.4161
10259.4500 2045 852 0.4166
10259.4500 2046 852 0.4164
10259.4600 2046 853 0.4169
10298.7400 2047 853 0.4167
10298.7400 2048 853 0.4165
10298.7500 2049 853 0.4163
10298.7500 2049 854 0.4168
10298.7500 2050 854 0.4166
10298.7500 2051 854 0.4164
10298.7600 2052 854 0.4162
10298.7600 2052 855 0.4167
10298.7700 2053 855 0.4165
10298.7700 2053 856 0.4170
10302.3400 2054 856 0.4167
10302.3400 2055 856 0.4165
10302.3500 2056 856 0.4163
10302.3500 2056 857 0.4168
10302.3500 2057 857 0.4166
10302.3600 2058 857 0.4164
10302.3600 2058 858 0.4169
10302.3600 2059 858 0.4167
10302.3700 2059 859 0.4172
10328.8300 2060 859 0.4170
10328.8300 2061 859 0.4168
10328.8400 2062 859 0.4166
10328.8400 2063 859 0.4164
10328.8400 2063 860 0.4169
10328.8500 2064 860 0.4167
10328.8500 2064 861 0.4172
10328.8500 2065 861 0.4169
10328.8600 2065 862 0.4174
10374.4800 2066 862 0.4172
10374.4800 2067 862 0.4170
10374.4900 2068 862 0.4168
10374.4900 2068 863 0.4173
10374.4900 2069 863 0.4171
10374.4900 2070 863 0.4169
10374.5000 2071 863 0.4167
10374.5000 2071 864 0.4172
10374.5100 2071 865 0.4177
10382.3000 2072 865 0.4175
10382.3000 2073 865 0.4173
10382.3100 2074 865 0.4171
10382.3100 2074 866 0.4176
10382.3100 2075 866 0.4173
10382.3200 2076 866 0.4171
10382.3200 2076 867 0.4176
10382.3200 2077 867 0.4174
10382.3300 2077 868 0.4179
10411.6700 2078 868 0.4177
10411.6700 2079 868 0.4175
10411.6800 2080 868 0.4173
10411.6800 2081 868 0.4171
10411.6800 2081 869 0.4176
10411.6800 2082 869 0.4174
10411.6900 2083 869 0.4172
10411.6900 2083 870 0.4177
10411.7000 2084 870 0.4175
10411.7000 2084 871 0.4179
10448.8800 2085 871 0.4177
10448.8800 2086 871 0.4175
10448.8900 2087 871 0.4173
10448.8900 2087 872 0.4178
10448.8900 2088 872 0.4176
10448.9000 2089 872 0.4174
10448.9000 2089 873 0.4179
10448.9000 2090 873 0.4177
10448.9100 2090 874 0.4182
10604.3700 2091 874 0.4180
10604.3700 2092 874 0.4178
10604.3800 2093 874 0.4176
10604.3800 2093 875 0.4181
10604.3800 2094 875 0.4179
10604.3900 2095 875 0.4177
10604.3900 2095 876 0.4181
10604.3900 2096 876 0.4179
10604.4000 2096 877 0.4184
10605.9400 2097 877 0.4182
10605.9400 2098 877 0.4180
10605.9500 2099 877 0.4178
10605.9500 2099 878 0.4183
10605.9500 2100 878 0.4181
10605.9600 2101 878 0.4179
10605.9600 2101 879 0.4184
10605.9600 2102 879 0.4182
10605.9700 2102 880 0.4186
10656.4200 2103 880 0.4184
10656.4200 2104 880 0.4183
10656.4300 2105 880 0.4181
10656.4300 2105 881 0.4185
10656.4300 2106 881 0.4183
10656.4400 2107 881 0.4181
10656.4400 2107 882 0.4186
10656.4400 2108 882 0.4184
10656.4500 2108 883 0.4189
10694.2200 2109 883 0.4187
10694.2200 2110 883 0.4185
10694.2300 2111 883 0.4183
10694.2300 2111 884 0.4188
10694.2300 2112 884 0.4186
10694.2300 2113 884 0.4184
10694.2400 2114 884 0.4182
10694.2400 2114 885 0.4186
10694.2500 2114 886 0.4191
10698.8500 2115 886 0.4189
10698.8500 2116 886 0.4187
10698.8600 2117 886 0.4185
10698.8600 2118 886 0.4183
10698.8600 2118 887 0.4188
10698.8700 2119 887 0.4186
10698.8700 2119 888 0.4191
10698.8700 2120 888 0.4189
10698.8800 2120 889 0.4193
10734.4600 2121 889 0.4191
10734.4600 2122 889 0.4189
10734.4700 2123 889 0.4187
10734.4700 2123 890 0.4192
10734.4700 2124 890 0.4190
10734.4800 2125 890 0.4188
10734.4800 2125 891 0.4193
10734.4800 2126 891 0.4191
10734.4900 2126 892 0.4196
10738.9400 2127 892 0.4194
10738.9400 2128 892 0.4192
10738.9500 2129 892 0.4190
10738.9500 2130 892 0.4188
10738.9500 2130 893 0.4192
10738.9600 2131 893 0.4191
10738.9600 2131 894 0.4195
10738.9600 2132 894 0.4193
10738.9700 2132 895 0.4198
10772.7600 2133 895 0.4196
10772.7600 2134 895 0.4194
10772.7700 2135 895 0.4192
10772.7700 2136 895 0.4190
10772.7700 2136 896 0.4195
10772.7800 2137 896 0.4193
10772.7800 2137 897 0.4197
10772.7800 2138 897 0.4196
10772.7900 2138 898 0.4200
10790.3200 2139 898 0.4198
10790.3200 2140 898 0.4196
10790.3300 2141 898 0.4194
10790.3300 2142 898 0.4192
10790.3300 2142 899 0.4197
10790.3300 2143 899 0.4195
10790.3400 2144 899 0.4193
10790.3400 2144 900 0.4198
10790.3500 2145 900 0.4196
10790.3500 2145 901 0.4200
