# time  created  delivered  delivered/created
0.0100 1 0 0.0000
0.0100 2 0 0.0000
0.0100 3 0 0.0000
0.0100 4 0 0.0000
0.0100 5 0 0.0000
0.0100 6 0 0.0000
0.0100 7 0 0.0000
0.0100 8 0 0.0000
0.0100 9 0 0.0000
0.0100 10 0 0.0000
0.0100 11 0 0.0000
0.0100 12 0 0.0000
0.0100 13 0 0.0000
0.0100 14 0 0.0000
0.0100 15 0 0.0000
0.0100 16 0 0.0000
0.0100 17 0 0.0000
0.0100 18 0 0.0000
0.0100 19 0 0.0000
0.0100 20 0 0.0000
0.0200 21 0 0.0000
0.0200 21 1 0.0476
0.0200 22 1 0.0455
0.0200 23 1 0.0435
0.0200 24 1 0.0417
0.0200 25 1 0.0400
0.0200 26 1 0.0385
0.0200 26 2 0.0769
0.0200 27 2 0.0741
0.0200 28 2 0.0714
0.0200 29 2 0.0690
0.0200 30 2 0.0667
0.0200 30 3 0.1000
0.0200 31 3 0.0968
0.0200 32 3 0.0938
0.0200 33 3 0.0909
0.0200 34 3 0.0882
0.0200 35 3 0.0857
0.0200 36 3 0.0833
0.0200 37 3 0.0811
0.0200 38 3 0.0789
0.0200 38 4 0.1053
0.0200 39 4 0.1026
0.0200 40 4 0.1000
0.0200 41 4 0.0976
0.0200 42 4 0.0952
0.0200 43 4 0.0930
0.0200 44 4 0.0909
0.0200 44 5 0.1136
0.0200 45 5 0.1111
0.0300 46 5 0.1087
0.0300 46 6 0.1304
0.0300 47 6 0.1277
0.0300 48 6 0.1250
0.0300 49 6 0.1224
0.0300 49 7 0.1429
0.0300 50 7 0.1400
0.0300 51 7 0.1373
0.0300 52 7 0.1346
0.0300 53 7 0.1321
0.0300 54 7 0.1296
0.0300 55 7 0.1273
0.0300 56 7 0.1250
0.0300 57 7 0.1228
0.0300 57 8 0.1404
0.0300 58 8 0.1379
0.0300 59 8 0.1356
0.0300 60 8 0.1333
0.0300 60 9 0.1500
0.0300 61 9 0.1475
0.0300 62 9 0.1452
0.0300 63 9 0.1429
0.0300 63 10 0.1587
0.0400 64 10 0.1563
0.0400 64 11 0.1719
0.0400 65 11 0.1692
0.0400 66 11 0.1667
0.0400 67 11 0.1642
0.0400 68 11 0.1618
0.0400 68 12 0.1765
0.0400 68 13 0.1912
0.0400 69 13 0.1884
0.0400 70 13 0.1857
0.0400 70 14 0.2000
0.0400 71 14 0.1972
0.0400 72 14 0.1944
0.0400 73 14 0.1918
0.0400 74 14 0.1892
0.0400 75 14 0.1867
0.0400 75 15 0.2000
0.0400 76 15 0.1974
0.0400 77 15 0.1948
0.0500 78 15 0.1923
0.0500 78 16 0.2051
0.0500 79 16 0.2025
0.0500 80 16 0.2000
0.0500 81 16 0.1975
0.0500 81 17 0.2099
0.0500 82 17 0.2073
0.0500 83 17 0.2048
0.0500 84 17 0.2024
0.0500 84 18 0.2143
0.0500 85 18 0.2118
0.0500 86 18 0.2093
0.0500 86 19 0.2209
0.0500 87 19 0.2184
0.0600 88 19 0.2159
0.0600 88 20 0.2273
0.0600 89 20 0.2247
0.0600 90 20 0.2222
0.0600 90 21 0.2333
0.0600 91 21 0.2308
0.0600 91 22 0.2418
0.0600 92 22 0.2391
0.0600 93 22 0.2366
0.0600 94 22 0.2340
0.0600 95 22 0.2316
0.0600 96 22 0.2292
0.0600 97 22 0.2268
0.0600 97 23 0.2371
0.0600 98 23 0.2347
0.0700 98 24 0.2449
0.0700 99 24 0.2424
0.0700 100 24 0.2400
0.0700 100 25 0.2500
0.0700 101 25 0.2475
0.0700 102 25 0.2451
0.0700 102 26 0.2549
0.0700 103 26 0.2524
0.0700 103 27 0.2621
0.0800 104 27 0.2596
0.0800 105 27 0.2571
0.0800 106 27 0.2547
0.0800 106 28 0.2642
0.0800 106 29 0.2736
0.0900 107 29 0.2710
0.0900 108 29 0.2685
0.1000 109 29 0.2661
0.1000 109 30 0.2752
0.1000 110 30 0.2727
0.1000 111 30 0.2703
0.1000 111 31 0.2793
0.1000 112 31 0.2768
0.1100 112 32 0.2857
0.1100 112 33 0.2946
9.6900 113 33 0.2920
9.6900 114 33 0.2895
9.7000 115 33 0.2870
9.7000 115 34 0.2957
9.7000 116 34 0.2931
9.7100 117 34 0.2906
9.7100 117 35 0.2991
9.7100 118 35 0.2966
9.7200 118 36 0.3051
34.0100 119 36 0.3025
34.0100 120 36 0.3000
34.0200 121 36 0.2975
34.0200 122 36 0.2951
34.0200 122 37 0.3033
34.0300 123 37 0.3008
34.0300 123 38 0.3089
34.0300 124 38 0.3065
34.0400 124 39 0.3145
115.5600 125 39 0.3120
115.5600 126 39 0.3095
115.5700 127 39 0.3071
115.5700 128 39 0.3047
115.5700 128 40 0.3125
115.5700 129 40 0.3101
115.5800 130 40 0.3077
115.5800 130 41 0.3154
115.5900 131 41 0.3130
115.5900 131 42 0.3206
118.1300 132 42 0.3182
118.1300 133 42 0.3158
118.1400 134 42 0.3134
118.1400 135 42 0.3111
118.1400 135 43 0.3185
118.1400 136 43 0.3162
118.1500 137 43 0.3139
118.1500 137 44 0.3212
118.1600 138 44 0.3188
118.1600 138 45 0.3261
130.4800 139 45 0.3237
130.4800 140 45 0.3214
130.4900 141 45 0.3191
130.4900 142 45 0.3169
130.4900 142 46 0.3239
130.4900 143 46 0.3217
130.5000 144 46 0.3194
130.5000 144 47 0.3264
130.5100 145 47 0.3241
130.5100 145 48 0.3310
198.3000 146 48 0.3288
198.3000 147 48 0.3265
198.3100 148 48 0.3243
198.3100 148 49 0.3311
198.3100 149 49 0.3289
198.3200 150 49 0.3267
198.3200 150 50 0.3333
198.3200 151 50 0.3311
198.3300 151 51 0.3377
202.0800 152 51 0.3355
202.0800 153 51 0.3333
202.0900 154 51 0.3312
202.0900 154 52 0.3377
202.0900 155 52 0.3355
202.0900 156 52 0.3333
202.1000 157 52 0.3312
202.1000 157 53 0.3376
202.1100 157 54 0.3439
206.2700 158 54 0.3418
206.2700 159 54 0.3396
206.2800 160 54 0.3375
206.2800 161 54 0.3354
206.2800 161 55 0.3416
206.2900 162 55 0.3395
206.2900 162 56 0.3457
206.2900 163 56 0.3436
206.3000 163 57 0.3497
217.7400 164 57 0.3476
217.7400 165 57 0.3455
217.7500 166 57 0.3434
217.7500 166 58 0.3494
217.7500 167 58 0.3473
217.7500 168 58 0.3452
217.7600 169 58 0.3432
217.7600 169 59 0.3491
217.7700 169 60 0.3550
286.4400 170 60 0.3529
286.4400 171 60 0.3509
286.4500 172 60 0.3488
286.4500 172 61 0.3547
286.4500 173 61 0.3526
286.4500 174 61 0.3506
286.4600 175 61 0.3486
286.4600 175 62 0.3543
286.4700 176 62 0.3523
286.4700 176 63 0.3580
305.6800 177 63 0.3559
305.6800 178 63 0.3539
305.6900 179 63 0.3520
305.6900 179 64 0.3575
305.6900 180 64 0.3556
305.6900 181 64 0.3536
305.7000 182 64 0.3516
305.7000 182 65 0.3571
305.7100 183 65 0.3552
305.7100 183 66 0.3607
315.2700 184 66 0.3587
315.2700 185 66 0.3568
315.2800 186 66 0.3548
315.2800 186 67 0.3602
315.2800 187 67 0.3583
315.2800 188 67 0.3564
315.2900 189 67 0.3545
315.2900 189 68 0.3598
315.3000 190 68 0.3579
315.3000 190 69 0.3632
327.1400 191 69 0.3613
327.1400 192 69 0.3594
327.1500 193 69 0.3575
327.1500 193 70 0.3627
327.1500 194 70 0.3608
327.1600 195 70 0.3590
327.1600 195 71 0.3641
327.1600 196 71 0.3622
327.1700 196 72 0.3673
328.2200 197 72 0.3655
328.2200 198 72 0.3636
328.2300 199 72 0.3618
328.2300 199 73 0.3668
328.2300 200 73 0.3650
328.2300 201 73 0.3632
328.2400 202 73 0.3614
328.2400 202 74 0.3663
328.2500 203 74 0.3645
328.2500 203 75 0.3695
419.9500 204 75 0.3676
419.9500 205 75 0.3659
419.9600 206 75 0.3641
419.9600 207 75 0.3623
419.9600 207 76 0.3671
419.9600 208 76 0.3654
419.9700 209 76 0.3636
419.9700 209 77 0.3684
419.9800 209 78 0.3732
431.2600 210 78 0.3714
431.2600 211 78 0.3697
431.2700 212 78 0.3679
431.2700 212 79 0.3726
431.2700 213 79 0.3709
431.2700 214 79 0.3692
431.2800 215 79 0.3674
431.2800 215 80 0.3721
431.2900 216 80 0.3704
431.2900 216 81 0.3750
447.3600 217 81 0.3733
447.3600 218 81 0.3716
447.3700 219 81 0.3699
447.3700 219 82 0.3744
447.3700 220 82 0.3727
447.3700 221 82 0.3710
447.3800 222 82 0.3694
447.3800 222 83 0.3739
447.3900 223 83 0.3722
447.3900 223 84 0.3767
456.2400 224 84 0.3750
456.2400 225 84 0.3733
456.2500 226 84 0.3717
456.2500 226 85 0.3761
456.2500 227 85 0.3744
456.2600 228 85 0.3728
456.2600 228 86 0.3772
456.2600 229 86 0.3755
456.2700 229 87 0.3799
493.4600 230 87 0.3783
493.4600 231 87 0.3766
493.4700 232 87 0.3750
493.4700 232 88 0.3793
493.4700 233 88 0.3777
493.4700 234 88 0.3761
493.4800 235 88 0.3745
493.4800 235 89 0.3787
493.4900 236 89 0.3771
493.4900 236 90 0.3814
538.5100 237 90 0.3797
538.5100 238 90 0.3782
538.5200 239 90 0.3766
538.5200 240 90 0.3750
538.5200 240 91 0.3792
538.5200 241 91 0.3776
538.5300 242 91 0.3760
538.5300 242 92 0.3802
538.5400 242 93 0.3843
600.1200 243 93 0.3827
600.1200 244 93 0.3811
600.1300 245 93 0.3796
600.1300 246 93 0.3780
600.1300 246 94 0.3821
600.1400 247 94 0.3806
600.1400 247 95 0.3846
600.1400 248 95 0.3831
600.1500 248 96 0.3871
646.7800 249 96 0.3855
646.7800 250 96 0.3840
646.7900 251 96 0.3825
646.7900 252 96 0.3810
646.7900 252 97 0.3849
646.7900 253 97 0.3834
646.8000 254 97 0.3819
646.8000 254 98 0.3858
646.8100 254 99 0.3898
660.5200 255 99 0.3882
660.5200 256 99 0.3867
660.5300 257 99 0.3852
660.5300 257 100 0.3891
660.5300 258 100 0.3876
660.5400 259 100 0.3861
660.5400 259 101 0.3900
660.5400 260 101 0.3885
660.5500 260 102 0.3923
667.6000 261 102 0.3908
667.6000 262 102 0.3893
667.6100 263 102 0.3878
667.6100 263 103 0.3916
667.6100 264 103 0.3902
667.6100 265 103 0.3887
667.6200 266 103 0.3872
667.6200 266 104 0.3910
667.6300 267 104 0.3895
667.6300 267 105 0.3933
683.9900 268 105 0.3918
683.9900 269 105 0.3903
684.0000 270 105 0.3889
684.0000 271 105 0.3875
684.0000 271 106 0.3911
684.0000 272 106 0.3897
684.0100 273 106 0.3883
684.0100 273 107 0.3919
684.0200 273 108 0.3956
698.8900 274 108 0.3942
698.8900 275 108 0.3927
698.9000 276 108 0.3913
698.9000 276 109 0.3949
698.9000 277 109 0.3935
698.9100 278 109 0.3921
698.9100 278 110 0.3957
698.9100 279 110 0.3943
698.9200 279 111 0.3978
815.0100 280 111 0.3964
815.0100 281 111 0.3950
815.0200 282 111 0.3936
815.0200 283 111 0.3922
815.0200 283 112 0.3958
815.0200 284 112 0.3944
815.0300 285 112 0.3930
815.0300 285 113 0.3965
815.0400 286 113 0.3951
815.0400 286 114 0.3986
828.1000 287 114 0.3972
828.1000 288 114 0.3958
828.1100 289 114 0.3945
828.1100 289 115 0.3979
828.1100 290 115 0.3966
828.1200 291 115 0.3952
828.1200 291 116 0.3986
828.1200 292 116 0.3973
828.1300 292 117 0.4007
906.6300 293 117 0.3993
906.6300 294 117 0.3980
906.6400 295 117 0.3966
906.6400 295 118 0.4000
906.6400 296 118 0.3986
906.6500 297 118 0.3973
906.6500 297 119 0.4007
906.6500 298 119 0.3993
906.6600 298 120 0.4027
945.2800 299 120 0.4013
945.2800 300 120 0.4000
945.2900 301 120 0.3987
945.2900 301 121 0.4020
945.2900 302 121 0.4007
945.3000 303 121 0.3993
945.3000 303 122 0.4026
945.3000 304 122 0.4013
945.3100 304 123 0.4046
1024.3600 305 123 0.4033
1024.3600 306 123 0.4020
1024.3700 307 123 0.4007
1024.3700 308 123 0.3994
1024.3700 308 124 0.4026
1024.3800 309 124 0.4013
1024.3800 309 125 0.4045
1024.3800 310 125 0.4032
1024.3900 310 126 0.4065
1054.1200 311 126 0.4051
1054.1200 312 126 0.4038
1054.1300 313 126 0.4026
1054.1300 314 126 0.4013
1054.1300 314 127 0.4045
1054.1400 315 127 0.4032
1054.1400 315 128 0.4063
1054.1400 316 128 0.4051
1054.1500 316 129 0.4082
1054.9900 317 129 0.4069
1054.9900 318 129 0.4057
1055.0000 319 129 0.4044
1055.0000 319 130 0.4075
1055.0000 320 130 0.4063
1055.0000 321 130 0.4050
1055.0100 322 130 0.4037
1055.0100 322 131 0.4068
1055.0200 323 131 0.4056
1055.0200 323 132 0.4087
1079.7000 324 132 0.4074
1079.7000 325 132 0.4062
1079.7100 326 132 0.4049
1079.7100 326 133 0.4080
1079.7100 327 133 0.4067
1079.7100 328 133 0.4055
1079.7200 329 133 0.4043
1079.7200 329 134 0.4073
1079.7300 329 135 0.4103
1402.4500 330 135 0.4091
1402.4500 331 135 0.4079
1402.4600 332 135 0.4066
1402.4600 333 135 0.4054
1402.4600 333 136 0.4084
1402.4600 334 136 0.4072
1402.4700 335 136 0.4060
1402.4700 335 137 0.4090
1402.4800 336 137 0.4077
1402.4800 336 138 0.4107
1410.2700 337 138 0.4095
1410.2700 338 138 0.4083
1410.2800 339 138 0.4071
1410.2800 340 138 0.4059
1410.2800 340 139 0.4088
1410.2900 341 139 0.4076
1410.2900 341 140 0.4106
1410.2900 342 140 0.4094
1410.3000 342 141 0.4123
1531.1800 343 141 0.4111
1531.1800 344 141 0.4099
1531.1900 345 141 0.4087
1531.1900 345 142 0.4116
1531.1900 346 142 0.4104
1531.2000 347 142 0.4092
1531.2000 347 143 0.4121
1531.2000 348 143 0.4109
1531.2100 348 144 0.4138
1607.3400 349 144 0.4126
1607.3400 350 144 0.4114
1607.3500 351 144 0.4103
1607.3500 352 144 0.4091
1607.3500 352 145 0.4119
1607.3600 353 145 0.4108
1607.3600 353 146 0.4136
1607.3600 354 146 0.4124
1607.3700 354 147 0.4153
1609.3500 355 147 0.4141
1609.3500 356 147 0.4129
1609.3600 357 147 0.4118
1609.3600 357 148 0.4146
1609.3600 358 148 0.4134
1609.3600 359 148 0.4123
1609.3700 360 148 0.4111
1609.3700 360 149 0.4139
1609.3800 360 150 0.4167
1618.9200 361 150 0.4155
1618.9200 362 150 0.4144
1618.9300 363 150 0.4132
1618.9300 364 150 0.4121
1618.9300 364 151 0.4148
1618.9400 365 151 0.4137
1618.9400 365 152 0.4164
1618.9400 366 152 0.4153
1618.9500 366 153 0.4180
1650.6600 367 153 0.4169
1650.6600 368 153 0.4158
1650.6700 369 153 0.4146
1650.6700 369 154 0.4173
1650.6700 370 154 0.4162
1650.6700 371 154 0.4151
1650.6800 372 154 0.4140
1650.6800 372 155 0.4167
1650.6900 373 155 0.4155
1650.6900 373 156 0.4182
1799.4400 374 156 0.4171
1799.4400 375 156 0.4160
1799.4500 376 156 0.4149
1799.4500 377 156 0.4138
1799.4500 377 157 0.4164
1799.4500 378 157 0.4153
1799.4600 379 157 0.4142
1799.4600 379 158 0.4169
1799.4700 380 158 0.4158
1799.4700 380 159 0.4184
1890.1800 381 159 0.4173
1890.1800 382 159 0.4162
1890.1900 383 159 0.4151
1890.1900 384 159 0.4141
1890.1900 384 160 0.4167
1890.1900 385 160 0.4156
1890.2000 386 160 0.4145
1890.2000 386 161 0.4171
1890.2100 387 161 0.4160
1890.2100 387 162 0.4186
2158.7300 388 162 0.4175
2158.7300 389 162 0.4165
2158.7400 390 162 0.4154
2158.7400 390 163 0.4179
2158.7400 391 163 0.4169
2158.7400 392 163 0.4158
2158.7500 393 163 0.4148
2158.7500 393 164 0.4173
2158.7600 393 165 0.4198
2261.6900 394 165 0.4188
2261.6900 395 165 0.4177
2261.7000 396 165 0.4167
2261.7000 397 165 0.4156
2261.7000 397 166 0.4181
2261.7100 398 166 0.4171
2261.7100 398 167 0.4196
2261.7100 399 167 0.4185
2261.7200 399 168 0.4211
2264.4600 400 168 0.4200
2264.4600 401 168 0.4190
2264.4700 402 168 0.4179
2264.4700 402 169 0.4204
2264.4700 403 169 0.4194
2264.4800 404 169 0.4183
2264.4800 404 170 0.4208
2264.4800 405 170 0.4198
2264.4900 405 171 0.4222
2266.7500 406 171 0.4212
2266.7500 407 171 0.4201
2266.7600 408 171 0.4191
2266.7600 408 172 0.4216
2266.7600 409 172 0.4205
2266.7700 410 172 0.4195
2266.7700 410 173 0.4220
2266.7700 411 173 0.4209
2266.7800 411 174 0.4234
2278.5000 412 174 0.4223
2278.5000 413 174 0.4213
2278.5100 414 174 0.4203
2278.5100 414 175 0.4227
2278.5100 415 175 0.4217
2278.5200 416 175 0.4207
2278.5200 416 176 0.4231
2278.5200 417 176 0.4221
2278.5300 417 177 0.4245
2401.9400 418 177 0.4234
2401.9400 419 177 0.4224
2401.9500 420 177 0.4214
2401.9500 421 177 0.4204
2401.9500 421 178 0.4228
2401.9600 422 178 0.4218
2401.9600 422 179 0.4242
2401.9600 423 179 0.4232
2401.9700 423 180 0.4255
2467.6300 424 180 0.4245
2467.6300 425 180 0.4235
2467.6400 426 180 0.4225
2467.6400 426 181 0.4249
2467.6400 427 181 0.4239
2467.6400 428 181 0.4229
2467.6500 429 181 0.4219
2467.6500 429 182 0.4242
2467.6600 430 182 0.4233
2467.6600 430 183 0.4256
2508.9600 431 183 0.4246
2508.9600 432 183 0.4236
2508.9700 433 183 0.4226
2508.9700 434 183 0.4217
2508.9700 434 184 0.4240
2508.9800 435 184 0.4230
2508.9800 435 185 0.4253
2508.9800 436 185 0.4243
2508.9900 436 186 0.4266
2514.0600 437 186 0.4256
2514.0600 438 186 0.4247
2514.0700 439 186 0.4237
2514.0700 439 187 0.4260
2514.0700 440 187 0.4250
2514.0700 441 187 0.4240
2514.0800 442 187 0.4231
2514.0800 442 188 0.4253
2514.0900 443 188 0.4244
2514.0900 443 189 0.4266
2580.3600 444 189 0.4257
2580.3600 445 189 0.4247
2580.3700 446 189 0.4238
2580.3700 446 190 0.4260
2580.3700 447 190 0.4251
2580.3800 448 190 0.4241
2580.3800 448 191 0.4263
2580.3800 449 191 0.4254
2580.3900 449 192 0.4276
2627.2300 450 192 0.4267
2627.2300 451 192 0.4257
2627.2400 452 192 0.4248
2627.2400 453 192 0.4238
2627.2400 453 193 0.4260
2627.2400 454 193 0.4251
2627.2500 455 193 0.4242
2627.2500 455 194 0.4264
2627.2600 455 195 0.4286
2662.5900 456 195 0.4276
2662.5900 457 195 0.4267
2662.6000 458 195 0.4258
2662.6000 458 196 0.4279
2662.6000 459 196 0.4270
2662.6100 460 196 0.4261
2662.6100 460 197 0.4283
2662.6100 461 197 0.4273
2662.6200 461 198 0.4295
2739.1200 462 198 0.4286
2739.1200 463 198 0.4276
2739.1300 464 198 0.4267
2739.1300 464 199 0.4289
2739.1300 465 199 0.4280
2739.1300 466 199 0.4270
2739.1400 467 199 0.4261
2739.1400 467 200 0.4283
2739.1500 467 201 0.4304
2749.6600 468 201 0.4295
2749.6600 469 201 0.4286
2749.6700 470 201 0.4277
2749.6700 471 201 0.4268
2749.6700 471 202 0.4289
2749.6700 472 202 0.4280
2749.6800 473 202 0.4271
2749.6800 473 203 0.4292
2749.6900 474 203 0.4283
2749.6900 474 204 0.4304
2881.4600 475 204 0.4295
2881.4600 476 204 0.4286
2881.4700 477 204 0.4277
2881.4700 478 204 0.4268
2881.4700 478 205 0.4289
2881.4800 479 205 0.4280
2881.4800 479 206 0.4301
2881.4800 480 206 0.4292
2881.4900 480 207 0.4313
2912.3200 481 207 0.4304
2912.3200 482 207 0.4295
2912.3300 483 207 0.4286
2912.3300 483 208 0.4306
2912.3300 484 208 0.4298
2912.3300 485 208 0.4289
2912.3400 486 208 0.4280
2912.3400 486 209 0.4300
2912.3500 486 210 0.4321
2954.7000 487 210 0.4312
2954.7000 488 210 0.4303
2954.7100 489 210 0.4294
2954.7100 489 211 0.4315
2954.7100 490 211 0.4306
2954.7100 491 211 0.4297
2954.7200 492 211 0.4289
2954.7200 492 212 0.4309
2954.7300 493 212 0.4300
2954.7300 493 213 0.4320
3011.2700 494 213 0.4312
3011.2700 495 213 0.4303
3011.2800 496 213 0.4294
3011.2800 496 214 0.4315
3011.2800 497 214 0.4306
3011.2800 498 214 0.4297
3011.2900 499 214 0.4289
3011.2900 499 215 0.4309
3011.3000 500 215 0.4300
3011.3000 500 216 0.4320
3163.7700 501 216 0.4311
3163.7700 502 216 0.4303
3163.7800 503 216 0.4294
3163.7800 504 216 0.4286
3163.7800 504 217 0.4306
3163.7900 505 217 0.4297
3163.7900 505 218 0.4317
3163.7900 506 218 0.4308
3163.8000 506 219 0.4328
3280.0200 507 219 0.4320
3280.0200 508 219 0.4311
3280.0300 509 219 0.4303
3280.0300 510 219 0.4294
3280.0300 510 220 0.4314
3280.0300 511 220 0.4305
3280.0400 512 220 0.4297
3280.0400 512 221 0.4316
3280.0500 512 222 0.4336
3283.4700 513 222 0.4327
3283.4700 514 222 0.4319
3283.4800 515 222 0.4311
3283.4800 515 223 0.4330
3283.4800 516 223 0.4322
3283.4800 517 223 0.4313
3283.4900 518 223 0.4305
3283.4900 518 224 0.4324
3283.5000 519 224 0.4316
3283.5000 519 225 0.4335
3319.5400 520 225 0.4327
3319.5400 521 225 0.4319
3319.5500 522 225 0.4310
3319.5500 523 225 0.4302
3319.5500 523 226 0.4321
3319.5600 524 226 0.4313
3319.5600 524 227 0.4332
3319.5600 525 227 0.4324
3319.5700 525 228 0.4343
3373.5200 526 228 0.4335
3373.5200 527 228 0.4326
3373.5300 528 228 0.4318
3373.5300 529 228 0.4310
3373.5300 529 229 0.4329
3373.5400 530 229 0.4321
3373.5400 530 230 0.4340
3373.5400 531 230 0.4331
3373.5500 531 231 0.4350
3423.4200 532 231 0.4342
3423.4200 533 231 0.4334
3423.4300 534 231 0.4326
3423.4300 535 231 0.4318
3423.4300 535 232 0.4336
3423.4400 536 232 0.4328
3423.4400 536 233 0.4347
3423.4400 537 233 0.4339
3423.4500 537 234 0.4358
3441.6400 538 234 0.4349
3441.6400 539 234 0.4341
3441.6500 540 234 0.4333
3441.6500 540 235 0.4352
3441.6500 541 235 0.4344
3441.6600 542 235 0.4336
3441.6600 542 236 0.4354
3441.6600 543 236 0.4346
3441.6700 543 237 0.4365
3473.9600 544 237 0.4357
3473.9600 545 237 0.4349
3473.9700 546 237 0.4341
3473.9700 547 237 0.4333
3473.9700 547 238 0.4351
3473.9800 548 238 0.4343
3473.9800 548 239 0.4361
3473.9800 549 239 0.4353
3473.9900 549 240 0.4372
3557.7900 550 240 0.4364
3557.7900 551 240 0.4356
3557.8000 552 240 0.4348
3557.8000 552 241 0.4366
3557.8000 553 241 0.4358
3557.8100 554 241 0.4350
3557.8100 554 242 0.4368
3557.8100 555 242 0.4360
3557.8200 555 243 0.4378
3728.4600 556 243 0.4371
3728.4600 557 243 0.4363
3728.4700 558 243 0.4355
3728.4700 558 244 0.4373
3728.4700 559 244 0.4365
3728.4800 560 244 0.4357
3728.4800 560 245 0.4375
3728.4800 561 245 0.4367
3728.4900 561 246 0.4385
3787.7600 562 246 0.4377
3787.7600 563 246 0.4369
3787.7700 564 246 0.4362
3787.7700 565 246 0.4354
3787.7700 565 247 0.4372
3787.7800 566 247 0.4364
3787.7800 566 248 0.4382
3787.7800 567 248 0.4374
3787.7900 567 249 0.4392
3805.8800 568 249 0.4384
3805.8800 569 249 0.4376
3805.8900 570 249 0.4368
3805.8900 570 250 0.4386
3805.8900 571 250 0.4378
3805.9000 572 250 0.4371
3805.9000 572 251 0.4388
3805.9000 573 251 0.4380
3805.9100 573 252 0.4398
3875.7200 574 252 0.4390
3875.7200 575 252 0.4383
3875.7300 576 252 0.4375
3875.7300 576 253 0.4392
3875.7300 577 253 0.4385
3875.7400 578 253 0.4377
3875.7400 578 254 0.4394
3875.7400 579 254 0.4387
3875.7500 579 255 0.4404
3924.6900 580 255 0.4397
3924.6900 581 255 0.4389
3924.7000 582 255 0.4381
3924.7000 583 255 0.4374
3924.7000 583 256 0.4391
3924.7100 584 256 0.4384
3924.7100 584 257 0.4401
3924.7100 585 257 0.4393
3924.7200 585 258 0.4410
4228.1700 586 258 0.4403
4228.1700 587 258 0.4395
4228.1800 588 258 0.4388
4228.1800 588 259 0.4405
4228.1800 589 259 0.4397
4228.1800 590 259 0.4390
4228.1900 591 259 0.4382
4228.1900 591 260 0.4399
4228.2000 591 261 0.4416
4274.3500 592 261 0.4409
4274.3500 593 261 0.4401
4274.3600 594 261 0.4394
4274.3600 595 261 0.4387
4274.3600 595 262 0.4403
4274.3600 596 262 0.4396
4274.3700 597 262 0.4389
4274.3700 597 263 0.4405
4274.3800 598 263 0.4398
4274.3800 598 264 0.4415
4473.2400 599 264 0.4407
4473.2400 600 264 0.4400
4473.2500 601 264 0.4393
4473.2500 602 264 0.4385
4473.2500 602 265 0.4402
4473.2500 603 265 0.4395
4473.2600 604 265 0.4387
4473.2600 604 266 0.4404
4473.2700 604 267 0.4421
4607.1600 605 267 0.4413
4607.1600 606 267 0.4406
4607.1700 607 267 0.4399
4607.1700 608 267 0.4391
4607.1700 608 268 0.4408
4607.1800 609 268 0.4401
4607.1800 609 269 0.4417
4607.1800 610 269 0.4410
4607.1900 610 270 0.4426
4744.5300 611 270 0.4419
4744.5300 612 270 0.4412
4744.5400 613 270 0.4405
4744.5400 614 270 0.4397
4744.5400 614 271 0.4414
4744.5500 615 271 0.4407
4744.5500 615 272 0.4423
4744.5500 616 272 0.4416
4744.5600 616 273 0.4432
4846.5400 617 273 0.4425
4846.5400 618 273 0.4417
4846.5500 619 273 0.4410
4846.5500 619 274 0.4426
4846.5500 620 274 0.4419
4846.5500 621 274 0.4412
4846.5600 622 274 0.4405
4846.5600 622 275 0.4421
4846.5700 623 275 0.4414
4846.5700 623 276 0.4430
5044.2200 624 276 0.4423
5044.2200 625 276 0.4416
5044.2300 626 276 0.4409
5044.2300 626 277 0.4425
5044.2300 627 277 0.4418
5044.2300 628 277 0.4411
5044.2400 629 277 0.4404
5044.2400 629 278 0.4420
5044.2500 630 278 0.4413
5044.2500 630 279 0.4429
5110.9100 631 279 0.4422
5110.9100 632 279 0.4415
5110.9200 633 279 0.4408
5110.9200 634 279 0.4401
5110.9200 634 280 0.4416
5110.9200 635 280 0.4409
5110.9300 636 280 0.4403
5110.9300 636 281 0.4418
5110.9400 637 281 0.4411
5110.9400 637 282 0.4427
5295.1300 638 282 0.4420
5295.1300 639 282 0.4413
5295.1400 640 282 0.4406
5295.1400 640 283 0.4422
5295.1400 641 283 0.4415
5295.1500 642 283 0.4408
5295.1500 642 284 0.4424
5295.1500 643 284 0.4417
5295.1600 643 285 0.4432
5413.9400 644 285 0.4425
5413.9400 645 285 0.4419
5413.9500 646 285 0.4412
5413.9500 646 286 0.4427
5413.9500 647 286 0.4420
5413.9600 648 286 0.4414
5413.9600 648 287 0.4429
5413.9600 649 287 0.4422
5413.9700 649 288 0.4438
5423.0200 650 288 0.4431
5423.0200 651 288 0.4424
5423.0300 652 288 0.4417
5423.0300 653 288 0.4410
5423.0300 653 289 0.4426
5423.0300 654 289 0.4419
5423.0400 655 289 0.4412
5423.0400 655 290 0.4427
5423.0500 655 291 0.4443
5432.4700 656 291 0.4436
5432.4700 657 291 0.4429
5432.4800 658 291 0.4422
5432.4800 658 292 0.4438
5432.4800 659 292 0.4431
5432.4900 660 292 0.4424
5432.4900 660 293 0.4439
5432.4900 661 293 0.4433
5432.5000 661 294 0.4448
5441.9200 662 294 0.4441
5441.9200 663 294 0.4434
5441.9300 664 294 0.4428
5441.9300 665 294 0.4421
5441.9300 665 295 0.4436
5441.9300 666 295 0.4429
5441.9400 667 295 0.4423
5441.9400 667 296 0.4438
5441.9500 668 296 0.4431
5441.9500 668 297 0.4446
5675.9500 669 297 0.4439
5675.9500 670 297 0.4433
5675.9600 671 297 0.4426
5675.9600 672 297 0.4420
5675.9600 672 298 0.4435
5675.9700 673 298 0.4428
5675.9700 673 299 0.4443
5675.9700 674 299 0.4436
5675.9800 674 300 0.4451
5695.5200 675 300 0.4444
5695.5200 676 300 0.4438
5695.5300 677 300 0.4431
5695.5300 678 300 0.4425
5695.5300 678 301 0.4440
5695.5400 679 301 0.4433
5695.5400 679 302 0.4448
5695.5400 680 302 0.4441
5695.5500 680 303 0.4456
5886.7300 681 303 0.4449
5886.7300 682 303 0.4443
5886.7400 683 303 0.4436
5886.7400 684 303 0.4430
5886.7400 684 304 0.4444
5886.7400 685 304 0.4438
5886.7500 686 304 0.4431
5886.7500 686 305 0.4446
5886.7600 686 306 0.4461
6093.0900 687 306 0.4454
6093.0900 688 306 0.4448
6093.1000 689 306 0.4441
6093.1000 689 307 0.4456
6093.1000 690 307 0.4449
6093.1100 691 307 0.4443
6093.1100 691 308 0.4457
6093.1100 692 308 0.4451
6093.1200 692 309 0.4465
6130.7500 693 309 0.4459
6130.7500 694 309 0.4452
6130.7600 695 309 0.4446
6130.7600 695 310 0.4460
6130.7600 696 310 0.4454
6130.7700 697 310 0.4448
6130.7700 697 311 0.4462
6130.7700 698 311 0.4456
6130.7800 698 312 0.4470
6402.0700 699 312 0.4464
6402.0700 700 312 0.4457
6402.0800 701 312 0.4451
6402.0800 701 313 0.4465
6402.0800 702 313 0.4459
6402.0800 703 313 0.4452
6402.0900 704 313 0.4446
6402.0900 704 314 0.4460
6402.1000 704 315 0.4474
6473.0600 705 315 0.4468
6473.0600 706 315 0.4462
6473.0700 707 315 0.4455
6473.0700 708 315 0.4449
6473.0700 708 316 0.4463
6473.0800 709 316 0.4457
6473.0800 709 317 0.4471
6473.0800 710 317 0.4465
6473.0900 710 318 0.4479
6491.5400 711 318 0.4473
6491.5400 712 318 0.4466
6491.5500 713 318 0.4460
6491.5500 713 319 0.4474
6491.5500 714 319 0.4468
6491.5600 715 319 0.4462
6491.5600 715 320 0.4476
6491.5600 716 320 0.4469
6491.5700 716 321 0.4483
6772.3200 717 321 0.4477
6772.3200 718 321 0.4471
6772.3300 719 321 0.4465
6772.3300 720 321 0.4458
6772.3300 720 322 0.4472
6772.3400 721 322 0.4466
6772.3400 721 323 0.4480
6772.3400 722 323 0.4474
6772.3500 722 324 0.4488
6829.6400 723 324 0.4481
6829.6400 724 324 0.4475
6829.6500 725 324 0.4469
6829.6500 726 324 0.4463
6829.6500 726 325 0.4477
6829.6500 727 325 0.4470
6829.6600 728 325 0.4464
6829.6600 728 326 0.4478
6829.6700 729 326 0.4472
6829.6700 729 327 0.4486
6837.6800 730 327 0.4479
6837.6800 731 327 0.4473
6837.6900 732 327 0.4467
6837.6900 732 328 0.4481
6837.6900 733 328 0.4475
6837.7000 734 328 0.4469
6837.7000 734 329 0.4482
6837.7000 735 329 0.4476
6837.7100 735 330 0.4490
7151.3500 736 330 0.4484
7151.3500 737 330 0.4478
7151.3600 738 330 0.4472
7151.3600 738 331 0.4485
7151.3600 739 331 0.4479
7151.3600 740 331 0.4473
7151.3700 741 331 0.4467
7151.3700 741 332 0.4480
7151.3800 741 333 0.4494
7682.6800 742 333 0.4488
7682.6800 743 333 0.4482
7682.6900 744 333 0.4476
7682.6900 744 334 0.4489
7682.6900 745 334 0.4483
7682.7000 746 334 0.4477
7682.7000 746 335 0.4491
7682.7000 747 335 0.4485
7682.7100 747 336 0.4498
8209.1100 748 336 0.4492
8209.1100 749 336 0.4486
8209.1200 750 336 0.4480
8209.1200 751 336 0.4474
8209.1200 751 337 0.4487
8209.1200 752 337 0.4481
8209.1300 753 337 0.4475
8209.1300 753 338 0.4489
8209.1400 753 339 0.4502
8287.4400 754 339 0.4496
8287.4400 755 339 0.4490
8287.4500 756 339 0.4484
8287.4500 756 340 0.4497
8287.4500 757 340 0.4491
8287.4500 758 340 0.4485
8287.4600 759 340 0.4480
8287.4600 759 341 0.4493
8287.4700 760 341 0.4487
8287.4700 760 342 0.4500
8362.7900 761 342 0.4494
8362.7900 762 342 0.4488
8362.8000 763 342 0.4482
8362.8000 764 342 0.4476
8362.8000 764 343 0.4490
8362.8100 765 343 0.4484
8362.8100 765 344 0.4497
8362.8100 766 344 0.4491
8362.8200 766 345 0.4504
8416.3800 767 345 0.4498
8416.3800 768 345 0.4492
8416.3900 769 345 0.4486
8416.3900 769 346 0.4499
8416.3900 770 346 0.4494
8416.3900 771 346 0.4488
8416.4000 772 346 0.4482
8416.4000 772 347 0.4495
8416.4100 773 347 0.4489
8416.4100 773 348 0.4502
8717.5000 774 348 0.4496
8717.5000 775 348 0.4490
8717.5100 776 348 0.4485
8717.5100 776 349 0.4497
8717.5100 777 349 0.4492
8717.5200 778 349 0.4486
8717.5200 778 350 0.4499
8717.5200 779 350 0.4493
8717.5300 779 351 0.4506
8730.7200 780 351 0.4500
8730.7200 781 351 0.4494
8730.7300 782 351 0.4488
8730.7300 783 351 0.4483
8730.7300 783 352 0.4496
8730.7300 784 352 0.4490
8730.7400 785 352 0.4484
8730.7400 785 353 0.4497
8730.7500 785 354 0.4510
9107.7200 786 354 0.4504
9107.7200 787 354 0.4498
9107.7300 788 354 0.4492
9107.7300 788 355 0.4505
9107.7300 789 355 0.4499
9107.7400 790 355 0.4494
9107.7400 790 356 0.4506
9107.7400 791 356 0.4501
9107.7500 791 357 0.4513
9147.0500 792 357 0.4508
9147.0500 793 357 0.4502
9147.0600 794 357 0.4496
9147.0600 794 358 0.4509
9147.0600 795 358 0.4503
9147.0600 796 358 0.4497
9147.0700 797 358 0.4492
9147.0700 797 359 0.4504
9147.0800 798 359 0.4499
9147.0800 798 360 0.4511
9225.9600 799 360 0.4506
9225.9600 800 360 0.4500
9225.9700 801 360 0.4494
9225.9700 801 361 0.4507
9225.9700 802 361 0.4501
9225.9700 803 361 0.4496
9225.9800 804 361 0.4490
9225.9800 804 362 0.4502
9225.9900 805 362 0.4497
9225.9900 805 363 0.4509
9282.7700 806 363 0.4504
9282.7700 807 363 0.4498
9282.7800 808 363 0.4493
9282.7800 809 363 0.4487
9282.7800 809 364 0.4499
9282.7800 810 364 0.4494
9282.7900 811 364 0.4488
9282.7900 811 365 0.4501
9282.8000 812 365 0.4495
9282.8000 812 366 0.4507
9400.7100 813 366 0.4502
9400.7100 814 366 0.4496
9400.7200 815 366 0.4491
9400.7200 816 366 0.4485
9400.7200 816 367 0.4498
9400.7200 817 367 0.4492
9400.7300 818 367 0.4487
9400.7300 818 368 0.4499
9400.7400 818 369 0.4511
9576.3700 819 369 0.4505
9576.3700 820 369 0.4500
9576.3800 821 369 0.4495
9576.3800 822 369 0.4489
9576.3800 822 370 0.4501
9576.3900 823 370 0.4496
9576.3900 823 371 0.4508
9576.3900 824 371 0.4502
9576.4000 824 372 0.4515
9834.3700 825 372 0.4509
9834.3700 826 372 0.4504
9834.3800 827 372 0.4498
9834.3800 828 372 0.4493
9834.3800 828 373 0.4505
9834.3900 829 373 0.4499
9834.3900 829 374 0.4511
9834.3900 830 374 0.4506
9834.4000 830 375 0.4518
10196.1500 831 375 0.4513
10196.1500 832 375 0.4507
10196.1600 833 375 0.4502
10196.1600 834 375 0.4496
10196.1600 834 376 0.4508
10196.1600 835 376 0.4503
10196.1700 836 376 0.4498
10196.1700 836 377 0.4510
10196.1800 837 377 0.4504
10196.1800 837 378 0.4516
10381.2100 838 378 0.4511
10381.2100 839 378 0.4505
10381.2200 840 378 0.4500
10381.2200 841 378 0.4495
10381.2200 841 379 0.4507
10381.2200 842 379 0.4501
10381.2300 843 379 0.4496
10381.2300 843 380 0.4508
10381.2400 844 380 0.4502
10381.2400 844 381 0.4514
10775.9100 845 381 0.4509
10775.9100 846 381 0.4504
10775.9200 847 381 0.4498
10775.9200 848 381 0.4493
10775.9200 848 382 0.4505
10775.9200 849 382 0.4499
10775.9300 850 382 0.4494
10775.9300 850 383 0.4506
10775.9400 850 384 0.4518
