5.0100 0.0899 0.0000
10.0200 0.0899 0.0000
15.0300 0.0899 0.0000
20.0300 0.0899 0.0000
25.0300 0.0899 0.0000
30.0300 0.0899 0.0000
35.0400 0.0902 0.0000
40.0500 0.0904 0.0000
45.0600 0.0909 0.0000
50.0700 0.0914 0.0000
55.0800 0.0914 0.0000
60.0900 0.0914 0.0000
65.1000 0.0914 0.0000
70.1000 0.0914 0.0000
75.1000 0.0917 0.0000
80.1000 0.0917 0.0000
85.1000 0.0920 0.0000
90.1000 0.0920 0.0000
95.1000 0.0920 0.0000
100.1000 0.0920 0.0000
105.1000 0.0925 0.0000
110.1000 0.0929 0.0000
115.1000 0.0929 0.0000
120.1000 0.0929 0.0000
125.1000 0.0929 0.0000
130.1100 0.0933 0.0000
135.1200 0.0936 0.0000
140.1300 0.0936 0.0000
145.1400 0.0936 0.0000
150.1500 0.0941 0.0000
155.1600 0.0941 0.0000
160.1700 0.0941 0.0000
165.1800 0.0941 0.0000
170.1900 0.0941 0.0000
175.2000 0.0941 0.0000
180.2100 0.0941 0.0000
185.2200 0.0941 0.0000
190.2300 0.0943 0.0000
195.2400 0.0946 0.0000
200.2500 0.0946 0.0000
205.2600 0.0949 0.0000
210.2700 0.0949 0.0000
215.2800 0.0949 0.0000
220.2900 0.0956 0.0000
225.3000 0.0956 0.0000
230.3100 0.0959 0.0000
235.3200 0.0959 0.0000
240.3300 0.0959 0.0000
245.3400 0.0963 0.0000
250.3500 0.0963 0.0000
255.3600 0.0963 0.0000
260.3700 0.0971 0.0000
265.3800 0.0971 0.0000
270.3900 0.0971 0.0000
275.4000 0.0975 0.0000
280.4100 0.0975 0.0000
285.4200 0.0975 0.0000
290.4300 0.0975 0.0000
295.4400 0.0975 0.0000
300.4500 0.0975 0.0000
305.4600 0.0975 0.0000
310.4700 0.0975 0.0000
315.4800 0.0975 0.0000
320.4900 0.0975 0.0000
325.5000 0.0978 0.0000
330.5100 0.0978 0.0000
335.5200 0.0978 0.0000
340.5300 0.0978 0.0000
345.5400 0.0978 0.0000
350.5500 0.0982 0.0000
355.5600 0.0982 0.0000
360.5700 0.0987 0.0000
365.5800 0.0987 0.0000
370.5900 0.0987 0.0000
375.6000 0.0987 0.0000
380.6100 0.0987 0.0000
385.6200 0.0987 0.0000
390.6300 0.0987 0.0000
395.6400 0.0987 0.0000
400.6500 0.0987 0.0000
405.6600 0.0987 0.0000
410.6700 0.0987 0.0000
415.6800 0.0987 0.0000
420.6900 0.0987 0.0000
425.7000 0.0987 0.0000
430.7100 0.0987 0.0000
435.7200 0.0987 0.0000
440.7300 0.0987 0.0000
445.7400 0.0987 0.0000
450.7500 0.0987 0.0000
455.7600 0.0987 0.0000
460.7700 0.0987 0.0000
465.7800 0.0991 0.0000
470.7900 0.0991 0.0000
475.8000 0.0991 0.0000
480.8100 0.0991 0.0000
485.8200 0.0995 0.0000
490.8300 0.0998 0.0000
495.8400 0.0998 0.0000
500.8500 0.0998 0.0000
505.8600 0.0998 0.0000
510.8700 0.0998 0.0000
515.8800 0.0998 0.0000
520.8900 0.0998 0.0000
525.9000 0.0998 0.0000
530.9100 0.0998 0.0000
535.9200 0.0998 0.0000
540.9300 0.1001 0.0000
545.9400 0.1001 0.0000
550.9500 0.1001 0.0000
555.9600 0.1001 0.0000
560.9700 0.1001 0.0000
565.9800 0.1001 0.0000
570.9900 0.1004 0.0000
576.0000 0.1004 0.0000
581.0100 0.1004 0.0000
586.0200 0.1004 0.0000
591.0300 0.1004 0.0000
596.0400 0.1004 0.0000
601.0500 0.1004 0.0000
606.0600 0.1008 0.0000
611.0700 0.1008 0.0000
616.0800 0.1008 0.0000
621.0900 0.1008 0.0000
626.1000 0.1008 0.0000
631.1100 0.1011 0.0000
636.1200 0.1011 0.0000
641.1300 0.1011 0.0000
646.1400 0.1014 0.0000
651.1500 0.1018 0.0000
656.1600 0.1018 0.0000
661.1700 0.1018 0.0000
666.1800 0.1025 0.0000
671.1900 0.1025 0.0000
676.2000 0.1025 0.0000
681.2100 0.1025 0.0000
686.2200 0.1025 0.0000
691.2300 0.1025 0.0000
696.2400 0.1025 0.0000
701.2500 0.1025 0.0000
706.2600 0.1025 0.0000
711.2700 0.1025 0.0000
716.2800 0.1025 0.0000
721.2900 0.1030 0.0000
726.3000 0.1030 0.0000
731.3100 0.1030 0.0000
736.3200 0.1030 0.0000
741.3300 0.1030 0.0000
746.3400 0.1030 0.0000
751.3500 0.1030 0.0000
756.3600 0.1030 0.0000
761.3700 0.1030 0.0000
766.3800 0.1030 0.0000
771.3900 0.1030 0.0000
776.4000 0.1030 0.0000
781.4100 0.1030 0.0000
786.4200 0.1030 0.0000
791.4300 0.1030 0.0000
796.4400 0.1033 0.0000
801.4500 0.1033 0.0000
806.4600 0.1033 0.0000
811.4700 0.1033 0.0000
816.4800 0.1033 0.0000
821.4900 0.1033 0.0000
826.5000 0.1033 0.0000
831.5100 0.1033 0.0000
836.5200 0.1033 0.0000
841.5300 0.1033 0.0000
846.5400 0.1035 0.0000
851.5500 0.1035 0.0000
856.5600 0.1035 0.0000
861.5700 0.1035 0.0000
866.5800 0.1035 0.0000
871.5900 0.1035 0.0000
876.6000 0.1035 0.0000
881.6100 0.1035 0.0000
886.6200 0.1035 0.0000
891.6300 0.1035 0.0000
896.6400 0.1035 0.0000
901.6500 0.1035 0.0000
906.6600 0.1035 0.0000
911.6700 0.1035 0.0000
916.6800 0.1035 0.0000
921.6900 0.1035 0.0000
926.7000 0.1035 0.0000
931.7100 0.1035 0.0000
936.7200 0.1035 0.0000
941.7300 0.1035 0.0000
946.7400 0.1035 0.0000
951.7500 0.1035 0.0000
956.7600 0.1035 0.0000
961.7700 0.1035 0.0000
966.7800 0.1035 0.0000
971.7900 0.1035 0.0000
976.8000 0.1035 0.0000
981.8100 0.1035 0.0000
986.8200 0.1035 0.0000
991.8300 0.1040 0.0000
996.8400 0.1040 0.0000
1001.8500 0.1040 0.0000
1006.8600 0.1040 0.0000
1011.8700 0.1040 0.0000
1016.8800 0.1040 0.0000
1021.8900 0.1040 0.0000
1026.9000 0.1040 0.0000
1031.9100 0.1040 0.0000
1036.9200 0.1040 0.0000
1041.9300 0.1040 0.0000
1046.9400 0.1040 0.0000
1051.9500 0.1040 0.0000
1056.9600 0.1040 0.0000
1061.9700 0.1040 0.0000
1066.9800 0.1040 0.0000
1071.9900 0.1040 0.0000
1077.0000 0.1040 0.0000
1082.0100 0.1040 0.0000
1087.0200 0.1040 0.0000
1092.0300 0.1040 0.0000
1097.0400 0.1040 0.0000
1102.0500 0.1040 0.0000
1107.0600 0.1040 0.0000
1112.0700 0.1040 0.0000
1117.0800 0.1040 0.0000
1122.0900 0.1040 0.0000
1127.1000 0.1040 0.0000
1132.1100 0.1040 0.0000
1137.1200 0.1040 0.0000
1142.1300 0.1040 0.0000
1147.1400 0.1040 0.0000
1152.1500 0.1040 0.0000
1157.1600 0.1040 0.0000
1162.1700 0.1040 0.0000
1167.1800 0.1040 0.0000
1172.1900 0.1040 0.0000
1177.2000 0.1040 0.0000
1182.2100 0.1040 0.0000
1187.2200 0.1040 0.0000
1192.2300 0.1040 0.0000
1197.2400 0.1040 0.0000
1202.2500 0.1040 0.0000
1207.2600 0.1040 0.0000
1212.2700 0.1040 0.0000
1217.2800 0.1040 0.0000
1222.2900 0.1040 0.0000
1227.3000 0.1040 0.0000
1232.3100 0.1040 0.0000
1237.3200 0.1040 0.0000
1242.3300 0.1040 0.0000
1247.3400 0.1040 0.0000
1252.3500 0.1040 0.0000
1257.3600 0.1040 0.0000
1262.3700 0.1040 0.0000
1267.3800 0.1040 0.0000
1272.3900 0.1040 0.0000
1277.4000 0.1040 0.0000
1282.4100 0.1040 0.0000
1287.4200 0.1040 0.0000
1292.4300 0.1040 0.0000
1297.4400 0.1040 0.0000
1302.4500 0.1040 0.0000
1307.4600 0.1040 0.0000
1312.4700 0.1040 0.0000
1317.4800 0.1040 0.0000
1322.4900 0.1040 0.0000
1327.5000 0.1040 0.0000
1332.5100 0.1040 0.0000
1337.5200 0.1040 0.0000
1342.5300 0.1040 0.0000
1347.5400 0.1040 0.0000
1352.5500 0.1040 0.0000
1357.5600 0.1040 0.0000
1362.5700 0.1040 0.0000
1367.5800 0.1040 0.0000
1372.5900 0.1040 0.0000
1377.6000 0.1040 0.0000
1382.6100 0.1040 0.0000
1387.6200 0.1040 0.0000
1392.6300 0.1040 0.0000
1397.6400 0.1040 0.0000
1402.6500 0.1040 0.0000
1407.6600 0.1040 0.0000
1412.6700 0.1040 0.0000
1417.6800 0.1040 0.0000
1422.6900 0.1040 0.0000
1427.7000 0.1040 0.0000
1432.7100 0.1040 0.0000
1437.7200 0.1040 0.0000
1442.7300 0.1040 0.0000
1447.7400 0.1040 0.0000
1452.7500 0.1040 0.0000
1457.7600 0.1040 0.0000
1462.7700 0.1040 0.0000
1467.7800 0.1040 0.0000
1472.7900 0.1040 0.0000
1477.8000 0.1040 0.0000
1482.8100 0.1040 0.0000
1487.8200 0.1040 0.0000
1492.8300 0.1040 0.0000
1497.8400 0.1040 0.0000
1502.8500 0.1040 0.0000
1507.8600 0.1040 0.0000
1512.8700 0.1040 0.0000
1517.8800 0.1040 0.0000
1522.8900 0.1040 0.0000
1527.9000 0.1040 0.0000
1532.9100 0.1040 0.0000
1537.9200 0.1040 0.0000
1542.9300 0.1040 0.0000
1547.9400 0.1040 0.0000
1552.9500 0.1040 0.0000
1557.9600 0.1044 0.0000
1562.9700 0.1044 0.0000
1567.9800 0.1044 0.0000
1572.9900 0.1044 0.0000
1578.0000 0.1044 0.0000
1583.0100 0.1044 0.0000
1588.0200 0.1044 0.0000
1593.0300 0.1044 0.0000
1598.0400 0.1044 0.0000
1603.0500 0.1044 0.0000
1608.0600 0.1044 0.0000
1613.0700 0.1044 0.0000
1618.0800 0.1049 0.0000
1623.0900 0.1049 0.0000
1628.1000 0.1049 0.0000
1633.1100 0.1049 0.0000
1638.1200 0.1049 0.0000
1643.1300 0.1049 0.0000
1648.1400 0.1049 0.0000
1653.1500 0.1049 0.0000
1658.1600 0.1049 0.0000
1663.1700 0.1049 0.0000
1668.1800 0.1049 0.0000
1673.1900 0.1049 0.0000
1678.2000 0.1049 0.0000
1683.2100 0.1049 0.0000
1688.2200 0.1049 0.0000
1693.2300 0.1049 0.0000
1698.2400 0.1049 0.0000
1703.2500 0.1049 0.0000
1708.2600 0.1049 0.0000
1713.2700 0.1049 0.0000
1718.2800 0.1049 0.0000
1723.2900 0.1049 0.0000
1728.3000 0.1049 0.0000
1733.3100 0.1049 0.0000
1738.3200 0.1049 0.0000
1743.3300 0.1049 0.0000
1748.3400 0.1049 0.0000
1753.3500 0.1049 0.0000
1758.3600 0.1049 0.0000
1763.3700 0.1049 0.0000
1768.3800 0.1049 0.0000
1773.3900 0.1049 0.0000
1778.4000 0.1049 0.0000
1783.4100 0.1049 0.0000
1788.4200 0.1049 0.0000
1793.4300 0.1049 0.0000
1798.4400 0.1049 0.0000
1803.4500 0.1049 0.0000
1808.4600 0.1049 0.0000
1813.4700 0.1049 0.0000
1818.4800 0.1049 0.0000
1823.4900 0.1049 0.0000
1828.5000 0.1049 0.0000
1833.5100 0.1049 0.0000
1838.5200 0.1049 0.0000
1843.5300 0.1049 0.0000
1848.5400 0.1049 0.0000
1853.5500 0.1049 0.0000
1858.5600 0.1049 0.0000
1863.5700 0.1049 0.0000
1868.5800 0.1049 0.0000
1873.5900 0.1049 0.0000
1878.6000 0.1049 0.0000
1883.6100 0.1049 0.0000
1888.6200 0.1053 0.0000
1893.6300 0.1053 0.0000
1898.6400 0.1053 0.0000
1903.6500 0.1053 0.0000
1908.6600 0.1053 0.0000
1913.6700 0.1053 0.0000
1918.6800 0.1053 0.0000
1923.6900 0.1053 0.0000
1928.7000 0.1053 0.0000
1933.7100 0.1053 0.0000
1938.7200 0.1053 0.0000
1943.7300 0.1053 0.0000
1948.7400 0.1053 0.0000
1953.7500 0.1053 0.0000
1958.7600 0.1053 0.0000
1963.7700 0.1053 0.0000
1968.7800 0.1053 0.0000
1973.7900 0.1053 0.0000
1978.8000 0.1053 0.0000
1983.8100 0.1053 0.0000
1988.8200 0.1053 0.0000
1993.8300 0.1053 0.0000
1998.8400 0.1053 0.0000
2003.8500 0.1053 0.0000
2008.8600 0.1053 0.0000
2013.8700 0.1053 0.0000
2018.8800 0.1053 0.0000
2023.8900 0.1053 0.0000
2028.9000 0.1053 0.0000
2033.9100 0.1053 0.0000
2038.9200 0.1053 0.0000
2043.9300 0.1053 0.0000
2048.9300 0.1053 0.0000
2053.9300 0.1053 0.0000
2058.9300 0.1053 0.0000
2063.9300 0.1053 0.0000
2068.9300 0.1053 0.0000
2073.9300 0.1053 0.0000
2078.9300 0.1053 0.0000
2083.9300 0.1053 0.0000
2088.9300 0.1053 0.0000
2093.9300 0.1053 0.0000
2098.9300 0.1053 0.0000
2103.9300 0.1053 0.0000
2108.9300 0.1053 0.0000
2113.9300 0.1053 0.0000
2118.9300 0.1053 0.0000
2123.9300 0.1053 0.0000
2128.9300 0.1053 0.0000
2133.9300 0.1053 0.0000
2138.9300 0.1053 0.0000
2143.9300 0.1053 0.0000
2148.9300 0.1053 0.0000
2153.9300 0.1053 0.0000
2158.9300 0.1053 0.0000
2163.9300 0.1053 0.0000
2168.9300 0.1053 0.0000
2173.9300 0.1053 0.0000
2178.9300 0.1053 0.0000
2183.9300 0.1053 0.0000
2188.9300 0.1053 0.0000
2193.9300 0.1053 0.0000
2198.9300 0.1053 0.0000
2203.9300 0.1053 0.0000
2208.9300 0.1053 0.0000
2213.9300 0.1053 0.0000
2218.9300 0.1053 0.0000
2223.9300 0.1053 0.0000
2228.9300 0.1053 0.0000
2233.9300 0.1053 0.0000
2238.9300 0.1053 0.0000
2243.9300 0.1053 0.0000
2248.9300 0.1053 0.0000
2253.9300 0.1053 0.0000
2258.9300 0.1053 0.0000
2263.9300 0.1053 0.0000
2268.9300 0.1053 0.0000
2273.9300 0.1053 0.0000
2278.9300 0.1053 0.0000
2283.9300 0.1053 0.0000
2288.9300 0.1053 0.0000
2293.9300 0.1053 0.0000
2298.9300 0.1053 0.0000
2303.9300 0.1053 0.0000
2308.9300 0.1053 0.0000
2313.9300 0.1053 0.0000
2318.9300 0.1053 0.0000
2323.9300 0.1053 0.0000
2328.9300 0.1053 0.0000
2333.9300 0.1053 0.0000
2338.9300 0.1053 0.0000
2343.9300 0.1053 0.0000
2348.9300 0.1053 0.0000
2353.9300 0.1053 0.0000
2358.9300 0.1053 0.0000
2363.9300 0.1053 0.0000
2368.9300 0.1053 0.0000
2373.9300 0.1053 0.0000
2378.9300 0.1053 0.0000
2383.9300 0.1053 0.0000
2388.9300 0.1053 0.0000
2393.9300 0.1053 0.0000
2398.9300 0.1053 0.0000
2403.9300 0.1053 0.0000
2408.9300 0.1053 0.0000
2413.9300 0.1053 0.0000
2418.9300 0.1053 0.0000
2423.9300 0.1053 0.0000
2428.9300 0.1053 0.0000
2433.9300 0.1053 0.0000
2438.9300 0.1053 0.0000
2443.9300 0.1053 0.0000
2448.9300 0.1053 0.0000
2453.9300 0.1053 0.0000
2458.9300 0.1053 0.0000
2463.9300 0.1053 0.0000
2468.9300 0.1053 0.0000
2473.9300 0.1053 0.0000
2478.9300 0.1053 0.0000
2483.9300 0.1053 0.0000
2488.9300 0.1053 0.0000
2493.9300 0.1053 0.0000
2498.9300 0.1053 0.0000
2503.9300 0.1053 0.0000
2508.9300 0.1053 0.0000
2513.9300 0.1053 0.0000
2518.9300 0.1053 0.0000
2523.9300 0.1053 0.0000
2528.9300 0.1053 0.0000
2533.9300 0.1053 0.0000
2538.9300 0.1053 0.0000
2543.9300 0.1053 0.0000
2548.9300 0.1053 0.0000
2553.9300 0.1053 0.0000
2558.9300 0.1053 0.0000
2563.9300 0.1053 0.0000
2568.9300 0.1053 0.0000
2573.9300 0.1053 0.0000
2578.9300 0.1053 0.0000
2583.9300 0.1053 0.0000
2588.9300 0.1053 0.0000
2593.9300 0.1053 0.0000
2598.9300 0.1053 0.0000
2603.9300 0.1053 0.0000
2608.9300 0.1053 0.0000
2613.9300 0.1053 0.0000
2618.9300 0.1053 0.0000
2623.9300 0.1053 0.0000
2628.9300 0.1053 0.0000
2633.9300 0.1053 0.0000
2638.9300 0.1053 0.0000
2643.9300 0.1053 0.0000
2648.9300 0.1053 0.0000
2653.9300 0.1053 0.0000
2658.9300 0.1053 0.0000
2663.9300 0.1053 0.0000
2668.9300 0.1053 0.0000
2673.9300 0.1053 0.0000
2678.9300 0.1053 0.0000
2683.9300 0.1053 0.0000
2688.9300 0.1053 0.0000
2693.9300 0.1053 0.0000
2698.9300 0.1053 0.0000
2703.9300 0.1053 0.0000
2708.9300 0.1053 0.0000
2713.9300 0.1053 0.0000
2718.9300 0.1053 0.0000
2723.9300 0.1053 0.0000
2728.9300 0.1053 0.0000
2733.9300 0.1053 0.0000
2738.9300 0.1053 0.0000
2743.9300 0.1053 0.0000
2748.9300 0.1053 0.0000
2753.9300 0.1057 0.0000
2758.9300 0.1057 0.0000
2763.9300 0.1057 0.0000
2768.9300 0.1057 0.0000
2773.9300 0.1057 0.0000
2778.9300 0.1057 0.0000
2783.9300 0.1057 0.0000
2788.9300 0.1057 0.0000
2793.9300 0.1057 0.0000
2798.9300 0.1057 0.0000
2803.9300 0.1057 0.0000
2808.9300 0.1057 0.0000
2813.9300 0.1057 0.0000
2818.9300 0.1057 0.0000
2823.9300 0.1057 0.0000
2828.9300 0.1057 0.0000
2833.9300 0.1057 0.0000
2838.9300 0.1057 0.0000
2843.9300 0.1057 0.0000
2848.9300 0.1057 0.0000
2853.9300 0.1057 0.0000
2858.9300 0.1057 0.0000
2863.9300 0.1057 0.0000
2868.9300 0.1057 0.0000
2873.9300 0.1057 0.0000
2878.9300 0.1057 0.0000
2883.9300 0.1057 0.0000
2888.9300 0.1057 0.0000
2893.9300 0.1057 0.0000
2898.9300 0.1057 0.0000
2903.9300 0.1057 0.0000
2908.9300 0.1057 0.0000
2913.9300 0.1057 0.0000
2918.9300 0.1057 0.0000
2923.9300 0.1057 0.0000
2928.9300 0.1057 0.0000
2933.9300 0.1057 0.0000
2938.9300 0.1057 0.0000
2943.9300 0.1057 0.0000
2948.9300 0.1057 0.0000
2953.9300 0.1057 0.0000
2958.9300 0.1062 0.0000
2963.9300 0.1062 0.0000
2968.9300 0.1062 0.0000
2973.9300 0.1062 0.0000
2978.9300 0.1062 0.0000
2983.9300 0.1062 0.0000
2988.9300 0.1062 0.0000
2993.9300 0.1062 0.0000
2998.9300 0.1062 0.0000
3003.9300 0.1062 0.0000
3008.9300 0.1062 0.0000
3013.9300 0.1062 0.0000
3018.9300 0.1062 0.0000
3023.9300 0.1062 0.0000
3028.9300 0.1062 0.0000
3033.9300 0.1062 0.0000
3038.9300 0.1062 0.0000
3043.9300 0.1062 0.0000
3048.9300 0.1062 0.0000
3053.9300 0.1062 0.0000
3058.9300 0.1062 0.0000
3063.9300 0.1062 0.0000
3068.9300 0.1062 0.0000
3073.9300 0.1062 0.0000
3078.9300 0.1062 0.0000
3083.9300 0.1062 0.0000
3088.9300 0.1062 0.0000
3093.9300 0.1062 0.0000
3098.9300 0.1062 0.0000
3103.9300 0.1062 0.0000
3108.9300 0.1062 0.0000
3113.9300 0.1062 0.0000
3118.9300 0.1062 0.0000
3123.9300 0.1062 0.0000
3128.9300 0.1062 0.0000
3133.9300 0.1062 0.0000
3138.9300 0.1062 0.0000
3143.9300 0.1062 0.0000
3148.9300 0.1062 0.0000
3153.9300 0.1062 0.0000
3158.9300 0.1062 0.0000
3163.9300 0.1062 0.0000
3168.9300 0.1062 0.0000
3173.9300 0.1062 0.0000
3178.9300 0.1062 0.0000
3183.9300 0.1062 0.0000
3188.9300 0.1062 0.0000
3193.9300 0.1062 0.0000
3198.9300 0.1062 0.0000
3203.9300 0.1062 0.0000
3208.9300 0.1062 0.0000
3213.9300 0.1062 0.0000
3218.9300 0.1062 0.0000
3223.9300 0.1062 0.0000
3228.9300 0.1062 0.0000
3233.9300 0.1062 0.0000
3238.9300 0.1062 0.0000
3243.9300 0.1062 0.0000
3248.9300 0.1062 0.0000
3253.9300 0.1062 0.0000
3258.9300 0.1062 0.0000
3263.9300 0.1062 0.0000
3268.9300 0.1062 0.0000
3273.9300 0.1062 0.0000
3278.9300 0.1062 0.0000
3283.9300 0.1062 0.0000
3288.9300 0.1062 0.0000
3293.9300 0.1062 0.0000
3298.9300 0.1062 0.0000
3303.9300 0.1062 0.0000
3308.9300 0.1062 0.0000
3313.9300 0.1062 0.0000
3318.9300 0.1062 0.0000
3323.9300 0.1062 0.0000
3328.9300 0.1062 0.0000
3333.9300 0.1062 0.0000
3338.9300 0.1062 0.0000
3343.9300 0.1062 0.0000
3348.9300 0.1062 0.0000
3353.9300 0.1062 0.0000
3358.9300 0.1062 0.0000
3363.9300 0.1062 0.0000
3368.9300 0.1062 0.0000
3373.9300 0.1062 0.0000
3378.9300 0.1062 0.0000
3383.9300 0.1062 0.0000
3388.9300 0.1062 0.0000
3393.9300 0.1062 0.0000
3398.9300 0.1062 0.0000
3403.9300 0.1062 0.0000
3408.9300 0.1062 0.0000
3413.9300 0.1062 0.0000
3418.9300 0.1062 0.0000
3423.9300 0.1062 0.0000
3428.9300 0.1062 0.0000
3433.9300 0.1062 0.0000
3438.9300 0.1062 0.0000
3443.9300 0.1062 0.0000
3448.9300 0.1062 0.0000
3453.9300 0.1062 0.0000
3458.9300 0.1062 0.0000
3463.9300 0.1062 0.0000
3468.9300 0.1062 0.0000
3473.9300 0.1062 0.0000
3478.9300 0.1062 0.0000
3483.9300 0.1062 0.0000
3488.9300 0.1062 0.0000
3493.9300 0.1062 0.0000
3498.9300 0.1062 0.0000
3503.9300 0.1062 0.0000
3508.9300 0.1062 0.0000
3513.9300 0.1062 0.0000
3518.9300 0.1062 0.0000
3523.9300 0.1062 0.0000
3528.9300 0.1062 0.0000
3533.9300 0.1062 0.0000
3538.9300 0.1062 0.0000
3543.9300 0.1062 0.0000
3548.9300 0.1062 0.0000
3553.9300 0.1062 0.0000
3558.9300 0.1062 0.0000
3563.9300 0.1062 0.0000
3568.9300 0.1062 0.0000
3573.9300 0.1062 0.0000
3578.9300 0.1062 0.0000
3583.9300 0.1062 0.0000
3588.9300 0.1062 0.0000
3593.9300 0.1062 0.0000
3598.9300 0.1062 0.0000
3603.9300 0.1062 0.0000
3608.9300 0.1062 0.0000
3613.9300 0.1062 0.0000
3618.9300 0.1062 0.0000
3623.9300 0.1062 0.0000
3628.9300 0.1062 0.0000
3633.9300 0.1062 0.0000
3638.9300 0.1062 0.0000
3643.9300 0.1062 0.0000
3648.9300 0.1062 0.0000
3653.9300 0.1062 0.0000
3658.9300 0.1062 0.0000
3663.9300 0.1062 0.0000
3668.9300 0.1062 0.0000
3673.9300 0.1062 0.0000
3678.9300 0.1062 0.0000
3683.9300 0.1062 0.0000
3688.9300 0.1062 0.0000
3693.9300 0.1062 0.0000
3698.9300 0.1062 0.0000
3703.9300 0.1062 0.0000
3708.9300 0.1062 0.0000
3713.9300 0.1062 0.0000
3718.9300 0.1062 0.0000
3723.9300 0.1062 0.0000
3728.9300 0.1062 0.0000
3733.9300 0.1062 0.0000
3738.9300 0.1062 0.0000
3743.9300 0.1062 0.0000
3748.9300 0.1062 0.0000
3753.9300 0.1062 0.0000
3758.9300 0.1062 0.0000
3763.9300 0.1062 0.0000
3768.9300 0.1062 0.0000
3773.9300 0.1062 0.0000
3778.9300 0.1062 0.0000
3783.9300 0.1062 0.0000
3788.9300 0.1062 0.0000
3793.9300 0.1062 0.0000
3798.9300 0.1062 0.0000
3803.9300 0.1062 0.0000
3808.9300 0.1062 0.0000
3813.9300 0.1062 0.0000
3818.9300 0.1062 0.0000
3823.9300 0.1062 0.0000
3828.9300 0.1062 0.0000
3833.9300 0.1062 0.0000
3838.9300 0.1062 0.0000
3843.9300 0.1062 0.0000
3848.9300 0.1062 0.0000
3853.9300 0.1062 0.0000
3858.9300 0.1062 0.0000
3863.9300 0.1062 0.0000
3868.9300 0.1062 0.0000
3873.9300 0.1062 0.0000
3878.9300 0.1062 0.0000
3883.9300 0.1062 0.0000
3888.9300 0.1062 0.0000
3893.9300 0.1062 0.0000
3898.9300 0.1062 0.0000
3903.9300 0.1062 0.0000
3908.9300 0.1062 0.0000
3913.9300 0.1062 0.0000
3918.9300 0.1062 0.0000
3923.9300 0.1062 0.0000
3928.9300 0.1062 0.0000
3933.9300 0.1062 0.0000
3938.9300 0.1062 0.0000
3943.9300 0.1062 0.0000
3948.9300 0.1062 0.0000
3953.9300 0.1062 0.0000
3958.9300 0.1062 0.0000
3963.9300 0.1062 0.0000
3968.9300 0.1062 0.0000
3973.9300 0.1062 0.0000
3978.9300 0.1062 0.0000
3983.9300 0.1062 0.0000
3988.9300 0.1062 0.0000
3993.9300 0.1062 0.0000
3998.9300 0.1062 0.0000
4003.9300 0.1062 0.0000
4008.9300 0.1062 0.0000
4013.9300 0.1062 0.0000
4018.9300 0.1062 0.0000
4023.9300 0.1062 0.0000
4028.9300 0.1062 0.0000
4033.9300 0.1062 0.0000
4038.9300 0.1062 0.0000
4043.9300 0.1062 0.0000
4048.9300 0.1062 0.0000
4053.9300 0.1062 0.0000
4058.9300 0.1062 0.0000
4063.9300 0.1062 0.0000
4068.9300 0.1062 0.0000
4073.9300 0.1062 0.0000
4078.9300 0.1062 0.0000
4083.9300 0.1062 0.0000
4088.9300 0.1062 0.0000
4093.9300 0.1062 0.0000
4098.9300 0.1062 0.0000
4103.9300 0.1062 0.0000
4108.9300 0.1062 0.0000
4113.9300 0.1062 0.0000
4118.9300 0.1062 0.0000
4123.9300 0.1062 0.0000
4128.9300 0.1062 0.0000
4133.9300 0.1062 0.0000
4138.9300 0.1062 0.0000
4143.9300 0.1065 0.0000
4148.9300 0.1065 0.0000
4153.9300 0.1065 0.0000
4158.9300 0.1065 0.0000
4163.9300 0.1065 0.0000
4168.9300 0.1065 0.0000
4173.9300 0.1065 0.0000
4178.9300 0.1065 0.0000
4183.9300 0.1065 0.0000
4188.9300 0.1065 0.0000
4193.9300 0.1065 0.0000
4198.9300 0.1065 0.0000
4203.9300 0.1065 0.0000
4208.9300 0.1065 0.0000
4213.9300 0.1065 0.0000
4218.9300 0.1065 0.0000
4223.9300 0.1065 0.0000
4228.9300 0.1065 0.0000
4233.9300 0.1065 0.0000
4238.9300 0.1065 0.0000
4243.9300 0.1065 0.0000
4248.9300 0.1065 0.0000
4253.9300 0.1065 0.0000
4258.9300 0.1065 0.0000
4263.9300 0.1065 0.0000
4268.9300 0.1065 0.0000
4273.9300 0.1065 0.0000
4278.9300 0.1065 0.0000
4283.9300 0.1065 0.0000
4288.9300 0.1065 0.0000
4293.9300 0.1065 0.0000
4298.9300 0.1065 0.0000
4303.9300 0.1065 0.0000
4308.9300 0.1065 0.0000
4313.9300 0.1065 0.0000
4318.9300 0.1065 0.0000
4323.9300 0.1065 0.0000
4328.9300 0.1065 0.0000
4333.9300 0.1065 0.0000
4338.9300 0.1065 0.0000
4343.9300 0.1065 0.0000
4348.9300 0.1065 0.0000
4353.9300 0.1065 0.0000
4358.9300 0.1065 0.0000
4363.9300 0.1065 0.0000
4368.9300 0.1065 0.0000
4373.9300 0.1065 0.0000
4378.9300 0.1065 0.0000
4383.9300 0.1065 0.0000
4388.9300 0.1065 0.0000
4393.9300 0.1065 0.0000
4398.9300 0.1065 0.0000
4403.9300 0.1065 0.0000
4408.9300 0.1065 0.0000
4413.9300 0.1065 0.0000
4418.9300 0.1065 0.0000
4423.9300 0.1065 0.0000
4428.9300 0.1065 0.0000
4433.9300 0.1065 0.0000
4438.9300 0.1065 0.0000
4443.9300 0.1065 0.0000
4448.9300 0.1065 0.0000
4453.9300 0.1065 0.0000
4458.9300 0.1065 0.0000
4463.9300 0.1065 0.0000
4468.9300 0.1065 0.0000
4473.9300 0.1065 0.0000
4478.9300 0.1065 0.0000
4483.9300 0.1065 0.0000
4488.9300 0.1065 0.0000
4493.9300 0.1065 0.0000
4498.9300 0.1065 0.0000
4503.9300 0.1065 0.0000
4508.9300 0.1065 0.0000
4513.9300 0.1065 0.0000
4518.9300 0.1065 0.0000
4523.9300 0.1065 0.0000
4528.9300 0.1065 0.0000
4533.9300 0.1065 0.0000
4538.9300 0.1065 0.0000
4543.9300 0.1065 0.0000
4548.9300 0.1065 0.0000
4553.9300 0.1065 0.0000
4558.9300 0.1065 0.0000
4563.9300 0.1065 0.0000
4568.9300 0.1065 0.0000
4573.9300 0.1065 0.0000
4578.9300 0.1065 0.0000
4583.9300 0.1065 0.0000
4588.9300 0.1065 0.0000
4593.9300 0.1065 0.0000
4598.9300 0.1065 0.0000
4603.9300 0.1065 0.0000
4608.9300 0.1065 0.0000
4613.9300 0.1065 0.0000
4618.9300 0.1065 0.0000
4623.9300 0.1065 0.0000
4628.9300 0.1065 0.0000
4633.9300 0.1065 0.0000
4638.9300 0.1065 0.0000
4643.9300 0.1065 0.0000
4648.9300 0.1065 0.0000
4653.9300 0.1065 0.0000
4658.9300 0.1065 0.0000
4663.9300 0.1065 0.0000
4668.9300 0.1065 0.0000
4673.9300 0.1065 0.0000
4678.9300 0.1065 0.0000
4683.9300 0.1065 0.0000
4688.9300 0.1065 0.0000
4693.9300 0.1065 0.0000
4698.9300 0.1065 0.0000
4703.9300 0.1065 0.0000
4708.9300 0.1065 0.0000
4713.9300 0.1065 0.0000
4718.9300 0.1065 0.0000
4723.9300 0.1065 0.0000
4728.9300 0.1065 0.0000
4733.9300 0.1065 0.0000
4738.9300 0.1065 0.0000
4743.9300 0.1065 0.0000
4748.9300 0.1065 0.0000
4753.9300 0.1065 0.0000
4758.9300 0.1065 0.0000
4763.9300 0.1065 0.0000
4768.9300 0.1065 0.0000
4773.9300 0.1065 0.0000
4778.9300 0.1065 0.0000
4783.9300 0.1065 0.0000
4788.9300 0.1065 0.0000
4793.9300 0.1065 0.0000
4798.9300 0.1065 0.0000
4803.9300 0.1065 0.0000
4808.9300 0.1065 0.0000
4813.9300 0.1065 0.0000
4818.9300 0.1065 0.0000
4823.9300 0.1065 0.0000
4828.9300 0.1065 0.0000
4833.9300 0.1065 0.0000
4838.9300 0.1065 0.0000
4843.9300 0.1065 0.0000
4848.9300 0.1065 0.0000
4853.9300 0.1065 0.0000
4858.9300 0.1065 0.0000
4863.9300 0.1065 0.0000
4868.9300 0.1065 0.0000
4873.9300 0.1065 0.0000
4878.9300 0.1065 0.0000
4883.9300 0.1065 0.0000
4888.9300 0.1065 0.0000
4893.9300 0.1065 0.0000
4898.9300 0.1065 0.0000
4903.9300 0.1065 0.0000
4908.9300 0.1065 0.0000
4913.9300 0.1065 0.0000
4918.9300 0.1065 0.0000
4923.9300 0.1065 0.0000
4928.9300 0.1065 0.0000
4933.9300 0.1069 0.0000
4938.9300 0.1069 0.0000
4943.9300 0.1069 0.0000
4948.9300 0.1069 0.0000
4953.9300 0.1069 0.0000
4958.9300 0.1069 0.0000
4963.9300 0.1069 0.0000
4968.9300 0.1069 0.0000
4973.9300 0.1069 0.0000
4978.9300 0.1069 0.0000
4983.9300 0.1069 0.0000
4988.9300 0.1069 0.0000
4993.9300 0.1069 0.0000
4998.9300 0.1069 0.0000
5003.9300 0.1069 0.0000
5008.9300 0.1069 0.0000
5013.9300 0.1069 0.0000
5018.9300 0.1069 0.0000
5023.9300 0.1069 0.0000
5028.9300 0.1069 0.0000
5033.9300 0.1069 0.0000
5038.9300 0.1069 0.0000
5043.9300 0.1069 0.0000
5048.9300 0.1069 0.0000
5053.9300 0.1069 0.0000
5058.9300 0.1069 0.0000
5063.9300 0.1069 0.0000
5068.9300 0.1069 0.0000
5073.9300 0.1069 0.0000
5078.9300 0.1069 0.0000
5083.9300 0.1069 0.0000
5088.9300 0.1069 0.0000
5093.9300 0.1069 0.0000
5098.9300 0.1069 0.0000
5103.9300 0.1069 0.0000
5108.9300 0.1069 0.0000
5113.9300 0.1069 0.0000
5118.9300 0.1069 0.0000
5123.9300 0.1069 0.0000
5128.9300 0.1069 0.0000
5133.9300 0.1069 0.0000
5138.9300 0.1069 0.0000
5143.9300 0.1069 0.0000
5148.9300 0.1069 0.0000
5153.9300 0.1069 0.0000
5158.9300 0.1069 0.0000
5163.9300 0.1069 0.0000
5168.9300 0.1069 0.0000
5173.9300 0.1069 0.0000
5178.9300 0.1069 0.0000
5183.9300 0.1069 0.0000
5188.9300 0.1069 0.0000
5193.9300 0.1069 0.0000
5198.9300 0.1069 0.0000
5203.9300 0.1069 0.0000
5208.9300 0.1069 0.0000
5213.9300 0.1069 0.0000
5218.9300 0.1069 0.0000
5223.9300 0.1069 0.0000
5228.9300 0.1069 0.0000
5233.9300 0.1069 0.0000
5238.9300 0.1069 0.0000
5243.9300 0.1069 0.0000
5248.9300 0.1069 0.0000
5253.9300 0.1069 0.0000
5258.9300 0.1069 0.0000
5263.9300 0.1069 0.0000
5268.9300 0.1069 0.0000
5273.9300 0.1069 0.0000
5278.9300 0.1069 0.0000
5283.9300 0.1069 0.0000
5288.9300 0.1069 0.0000
5293.9300 0.1069 0.0000
5298.9300 0.1069 0.0000
5303.9300 0.1069 0.0000
5308.9300 0.1069 0.0000
5313.9300 0.1069 0.0000
5318.9300 0.1069 0.0000
5323.9300 0.1069 0.0000
5328.9300 0.1069 0.0000
5333.9300 0.1069 0.0000
5338.9300 0.1069 0.0000
5343.9300 0.1069 0.0000
5348.9300 0.1069 0.0000
5353.9300 0.1069 0.0000
5358.9300 0.1069 0.0000
5363.9300 0.1069 0.0000
5368.9300 0.1069 0.0000
5373.9300 0.1069 0.0000
5378.9300 0.1069 0.0000
5383.9300 0.1069 0.0000
5388.9300 0.1069 0.0000
5393.9300 0.1069 0.0000
5398.9300 0.1069 0.0000
5403.9300 0.1069 0.0000
5408.9300 0.1069 0.0000
5413.9300 0.1069 0.0000
5418.9300 0.1069 0.0000
5423.9300 0.1069 0.0000
5428.9300 0.1069 0.0000
5433.9300 0.1069 0.0000
5438.9300 0.1069 0.0000
5443.9300 0.1069 0.0000
5448.9300 0.1069 0.0000
5453.9300 0.1069 0.0000
5458.9300 0.1069 0.0000
5463.9300 0.1069 0.0000
5468.9300 0.1069 0.0000
5473.9300 0.1069 0.0000
5478.9300 0.1069 0.0000
5483.9300 0.1069 0.0000
5488.9300 0.1069 0.0000
5493.9300 0.1069 0.0000
5498.9300 0.1069 0.0000
5503.9300 0.1069 0.0000
5508.9300 0.1069 0.0000
5513.9300 0.1069 0.0000
5518.9300 0.1069 0.0000
5523.9300 0.1069 0.0000
5528.9300 0.1069 0.0000
5533.9300 0.1069 0.0000
5538.9300 0.1069 0.0000
5543.9300 0.1069 0.0000
5548.9300 0.1069 0.0000
5553.9300 0.1069 0.0000
5558.9300 0.1069 0.0000
5563.9300 0.1069 0.0000
5568.9300 0.1069 0.0000
5573.9300 0.1069 0.0000
5578.9300 0.1069 0.0000
5583.9300 0.1069 0.0000
5588.9300 0.1069 0.0000
5593.9300 0.1069 0.0000
5598.9300 0.1069 0.0000
5603.9300 0.1069 0.0000
5608.9300 0.1069 0.0000
5613.9300 0.1069 0.0000
5618.9300 0.1069 0.0000
5623.9300 0.1069 0.0000
5628.9300 0.1069 0.0000
5633.9300 0.1069 0.0000
5638.9300 0.1069 0.0000
5643.9300 0.1069 0.0000
5648.9300 0.1069 0.0000
5653.9300 0.1069 0.0000
5658.9300 0.1069 0.0000
5663.9300 0.1069 0.0000
5668.9300 0.1069 0.0000
5673.9300 0.1069 0.0000
5678.9300 0.1069 0.0000
5683.9300 0.1069 0.0000
5688.9300 0.1069 0.0000
5693.9300 0.1069 0.0000
5698.9300 0.1069 0.0000
5703.9300 0.1069 0.0000
5708.9300 0.1069 0.0000
5713.9300 0.1069 0.0000
5718.9300 0.1069 0.0000
5723.9300 0.1069 0.0000
5728.9300 0.1069 0.0000
5733.9300 0.1069 0.0000
5738.9300 0.1069 0.0000
5743.9300 0.1069 0.0000
5748.9300 0.1069 0.0000
5753.9300 0.1069 0.0000
5758.9300 0.1069 0.0000
5763.9300 0.1069 0.0000
5768.9300 0.1069 0.0000
5773.9300 0.1069 0.0000
5778.9300 0.1069 0.0000
5783.9300 0.1069 0.0000
5788.9300 0.1069 0.0000
5793.9300 0.1069 0.0000
5798.9300 0.1069 0.0000
5803.9300 0.1069 0.0000
5808.9300 0.1069 0.0000
5813.9300 0.1069 0.0000
5818.9300 0.1069 0.0000
5823.9300 0.1069 0.0000
5828.9300 0.1069 0.0000
5833.9300 0.1069 0.0000
5838.9300 0.1069 0.0000
5843.9300 0.1069 0.0000
5848.9300 0.1069 0.0000
5853.9300 0.1069 0.0000
5858.9300 0.1069 0.0000
5863.9300 0.1069 0.0000
5868.9300 0.1069 0.0000
5873.9300 0.1069 0.0000
5878.9300 0.1069 0.0000
5883.9300 0.1069 0.0000
5888.9300 0.1069 0.0000
5893.9300 0.1069 0.0000
5898.9300 0.1069 0.0000
5903.9300 0.1069 0.0000
5908.9300 0.1069 0.0000
5913.9300 0.1069 0.0000
5918.9300 0.1069 0.0000
5923.9300 0.1069 0.0000
5928.9300 0.1069 0.0000
5933.9300 0.1069 0.0000
5938.9300 0.1069 0.0000
5943.9300 0.1069 0.0000
5948.9300 0.1069 0.0000
5953.9300 0.1069 0.0000
5958.9300 0.1069 0.0000
5963.9300 0.1069 0.0000
5968.9300 0.1069 0.0000
5973.9300 0.1069 0.0000
5978.9300 0.1069 0.0000
5983.9300 0.1069 0.0000
5988.9300 0.1069 0.0000
5993.9300 0.1069 0.0000
5998.9300 0.1069 0.0000
6003.9300 0.1069 0.0000
6008.9300 0.1069 0.0000
6013.9300 0.1069 0.0000
6018.9300 0.1069 0.0000
6023.9300 0.1069 0.0000
6028.9300 0.1069 0.0000
6033.9300 0.1069 0.0000
6038.9300 0.1069 0.0000
6043.9300 0.1069 0.0000
6048.9300 0.1069 0.0000
6053.9300 0.1069 0.0000
6058.9300 0.1069 0.0000
6063.9300 0.1069 0.0000
6068.9300 0.1069 0.0000
6073.9300 0.1069 0.0000
6078.9300 0.1069 0.0000
6083.9300 0.1069 0.0000
6088.9300 0.1069 0.0000
6093.9300 0.1069 0.0000
6098.9300 0.1069 0.0000
6103.9300 0.1069 0.0000
6108.9300 0.1069 0.0000
6113.9300 0.1069 0.0000
6118.9300 0.1069 0.0000
6123.9300 0.1069 0.0000
6128.9300 0.1069 0.0000
6133.9300 0.1069 0.0000
6138.9300 0.1069 0.0000
6143.9300 0.1069 0.0000
6148.9300 0.1069 0.0000
6153.9300 0.1069 0.0000
6158.9300 0.1069 0.0000
6163.9300 0.1069 0.0000
6168.9300 0.1069 0.0000
6173.9300 0.1069 0.0000
6178.9300 0.1069 0.0000
6183.9300 0.1069 0.0000
6188.9300 0.1069 0.0000
6193.9300 0.1069 0.0000
6198.9300 0.1069 0.0000
6203.9300 0.1069 0.0000
6208.9300 0.1069 0.0000
6213.9300 0.1069 0.0000
6218.9300 0.1069 0.0000
6223.9300 0.1069 0.0000
6228.9300 0.1069 0.0000
6233.9300 0.1069 0.0000
6238.9300 0.1069 0.0000
6243.9300 0.1069 0.0000
6248.9300 0.1069 0.0000
6253.9300 0.1069 0.0000
6258.9300 0.1069 0.0000
6263.9300 0.1069 0.0000
6268.9300 0.1069 0.0000
6273.9300 0.1069 0.0000
6278.9300 0.1069 0.0000
6283.9300 0.1069 0.0000
6288.9300 0.1069 0.0000
6293.9300 0.1069 0.0000
6298.9300 0.1069 0.0000
6303.9300 0.1069 0.0000
6308.9300 0.1069 0.0000
6313.9300 0.1069 0.0000
6318.9300 0.1069 0.0000
6323.9300 0.1069 0.0000
6328.9300 0.1069 0.0000
6333.9300 0.1069 0.0000
6338.9300 0.1069 0.0000
6343.9300 0.1069 0.0000
6348.9300 0.1069 0.0000
6353.9300 0.1069 0.0000
6358.9300 0.1069 0.0000
6363.9300 0.1069 0.0000
6368.9300 0.1069 0.0000
6373.9300 0.1069 0.0000
6378.9300 0.1069 0.0000
6383.9300 0.1069 0.0000
6388.9300 0.1069 0.0000
6393.9300 0.1069 0.0000
6398.9300 0.1069 0.0000
6403.9300 0.1069 0.0000
6408.9300 0.1069 0.0000
6413.9300 0.1069 0.0000
6418.9300 0.1069 0.0000
6423.9300 0.1069 0.0000
6428.9300 0.1069 0.0000
6433.9300 0.1069 0.0000
6438.9300 0.1069 0.0000
6443.9300 0.1069 0.0000
6448.9300 0.1069 0.0000
6453.9300 0.1069 0.0000
6458.9300 0.1069 0.0000
6463.9300 0.1069 0.0000
6468.9300 0.1069 0.0000
6473.9300 0.1069 0.0000
6478.9300 0.1069 0.0000
6483.9300 0.1069 0.0000
6488.9300 0.1069 0.0000
6493.9300 0.1069 0.0000
6498.9300 0.1069 0.0000
6503.9300 0.1069 0.0000
6508.9300 0.1069 0.0000
6513.9300 0.1069 0.0000
6518.9300 0.1069 0.0000
6523.9300 0.1069 0.0000
6528.9300 0.1069 0.0000
6533.9300 0.1069 0.0000
6538.9300 0.1069 0.0000
6543.9300 0.1069 0.0000
6548.9300 0.1069 0.0000
6553.9300 0.1069 0.0000
6558.9300 0.1069 0.0000
6563.9300 0.1069 0.0000
6568.9300 0.1069 0.0000
6573.9300 0.1069 0.0000
6578.9300 0.1069 0.0000
6583.9300 0.1069 0.0000
6588.9300 0.1069 0.0000
6593.9300 0.1069 0.0000
6598.9300 0.1069 0.0000
6603.9300 0.1069 0.0000
6608.9300 0.1069 0.0000
6613.9300 0.1069 0.0000
6618.9300 0.1069 0.0000
6623.9300 0.1069 0.0000
6628.9300 0.1069 0.0000
6633.9300 0.1069 0.0000
6638.9300 0.1069 0.0000
6643.9300 0.1069 0.0000
6648.9300 0.1069 0.0000
6653.9300 0.1069 0.0000
6658.9300 0.1069 0.0000
6663.9300 0.1069 0.0000
6668.9300 0.1069 0.0000
6673.9300 0.1069 0.0000
6678.9300 0.1069 0.0000
6683.9300 0.1069 0.0000
6688.9300 0.1069 0.0000
6693.9300 0.1069 0.0000
6698.9300 0.1069 0.0000
6703.9300 0.1069 0.0000
6708.9300 0.1069 0.0000
6713.9300 0.1069 0.0000
6718.9300 0.1069 0.0000
6723.9300 0.1069 0.0000
6728.9300 0.1069 0.0000
6733.9300 0.1069 0.0000
6738.9300 0.1069 0.0000
6743.9300 0.1069 0.0000
6748.9300 0.1069 0.0000
6753.9300 0.1069 0.0000
6758.9300 0.1069 0.0000
6763.9300 0.1069 0.0000
6768.9300 0.1069 0.0000
6773.9300 0.1069 0.0000
6778.9300 0.1069 0.0000
6783.9300 0.1069 0.0000
6788.9300 0.1069 0.0000
6793.9300 0.1069 0.0000
6798.9300 0.1069 0.0000
6803.9300 0.1069 0.0000
6808.9300 0.1069 0.0000
6813.9300 0.1069 0.0000
6818.9300 0.1069 0.0000
6823.9300 0.1069 0.0000
6828.9300 0.1069 0.0000
6833.9300 0.1069 0.0000
6838.9300 0.1069 0.0000
6843.9300 0.1069 0.0000
6848.9300 0.1069 0.0000
6853.9300 0.1069 0.0000
6858.9300 0.1069 0.0000
6863.9300 0.1069 0.0000
6868.9300 0.1069 0.0000
6873.9300 0.1069 0.0000
6878.9300 0.1069 0.0000
6883.9300 0.1069 0.0000
6888.9300 0.1069 0.0000
6893.9300 0.1069 0.0000
6898.9300 0.1069 0.0000
6903.9300 0.1069 0.0000
6908.9300 0.1069 0.0000
6913.9300 0.1069 0.0000
6918.9300 0.1069 0.0000
6923.9300 0.1069 0.0000
6928.9300 0.1069 0.0000
6933.9300 0.1069 0.0000
6938.9300 0.1069 0.0000
6943.9300 0.1069 0.0000
6948.9300 0.1069 0.0000
6953.9300 0.1069 0.0000
6958.9300 0.1069 0.0000
6963.9300 0.1069 0.0000
6968.9300 0.1069 0.0000
6973.9300 0.1069 0.0000
6978.9300 0.1069 0.0000
6983.9300 0.1069 0.0000
6988.9300 0.1069 0.0000
6993.9300 0.1069 0.0000
6998.9300 0.1069 0.0000
7003.9300 0.1069 0.0000
7008.9300 0.1069 0.0000
7013.9300 0.1069 0.0000
7018.9300 0.1069 0.0000
7023.9300 0.1069 0.0000
7028.9300 0.1069 0.0000
7033.9300 0.1069 0.0000
7038.9300 0.1069 0.0000
7043.9300 0.1069 0.0000
7048.9300 0.1069 0.0000
7053.9300 0.1069 0.0000
7058.9300 0.1069 0.0000
7063.9300 0.1069 0.0000
7068.9300 0.1069 0.0000
7073.9300 0.1069 0.0000
7078.9300 0.1069 0.0000
7083.9300 0.1069 0.0000
7088.9300 0.1069 0.0000
7093.9300 0.1069 0.0000
7098.9300 0.1069 0.0000
7103.9300 0.1069 0.0000
7108.9300 0.1069 0.0000
7113.9300 0.1069 0.0000
7118.9300 0.1069 0.0000
7123.9300 0.1069 0.0000
7128.9300 0.1069 0.0000
7133.9300 0.1069 0.0000
7138.9300 0.1069 0.0000
7143.9300 0.1069 0.0000
7148.9300 0.1069 0.0000
7153.9300 0.1069 0.0000
7158.9300 0.1069 0.0000
7163.9300 0.1069 0.0000
7168.9300 0.1069 0.0000
7173.9300 0.1069 0.0000
7178.9300 0.1069 0.0000
7183.9300 0.1069 0.0000
7188.9300 0.1069 0.0000
7193.9300 0.1069 0.0000
7198.9300 0.1069 0.0000
7203.9300 0.1069 0.0000
7208.9300 0.1069 0.0000
7213.9300 0.1069 0.0000
7218.9300 0.1069 0.0000
7223.9300 0.1069 0.0000
7228.9300 0.1069 0.0000
7233.9300 0.1069 0.0000
7238.9300 0.1069 0.0000
7243.9300 0.1069 0.0000
7248.9300 0.1069 0.0000
7253.9300 0.1069 0.0000
7258.9300 0.1069 0.0000
7263.9300 0.1069 0.0000
7268.9300 0.1069 0.0000
7273.9300 0.1069 0.0000
7278.9300 0.1069 0.0000
7283.9300 0.1069 0.0000
7288.9300 0.1069 0.0000
7293.9300 0.1069 0.0000
7298.9300 0.1069 0.0000
7303.9300 0.1069 0.0000
7308.9300 0.1069 0.0000
7313.9300 0.1069 0.0000
7318.9300 0.1069 0.0000
7323.9300 0.1069 0.0000
7328.9300 0.1069 0.0000
7333.9300 0.1069 0.0000
7338.9300 0.1069 0.0000
7343.9300 0.1069 0.0000
7348.9300 0.1069 0.0000
7353.9300 0.1069 0.0000
7358.9300 0.1069 0.0000
7363.9300 0.1069 0.0000
7368.9300 0.1069 0.0000
7373.9300 0.1069 0.0000
7378.9300 0.1069 0.0000
7383.9300 0.1069 0.0000
7388.9300 0.1069 0.0000
7393.9300 0.1069 0.0000
7398.9300 0.1069 0.0000
7403.9300 0.1069 0.0000
7408.9300 0.1069 0.0000
7413.9300 0.1069 0.0000
7418.9300 0.1069 0.0000
7423.9300 0.1069 0.0000
7428.9300 0.1069 0.0000
7433.9300 0.1069 0.0000
7438.9300 0.1069 0.0000
7443.9300 0.1069 0.0000
7448.9300 0.1069 0.0000
7453.9300 0.1069 0.0000
7458.9300 0.1069 0.0000
7463.9300 0.1069 0.0000
7468.9300 0.1069 0.0000
7473.9300 0.1069 0.0000
7478.9300 0.1069 0.0000
7483.9300 0.1069 0.0000
7488.9300 0.1069 0.0000
7493.9300 0.1069 0.0000
7498.9300 0.1069 0.0000
7503.9300 0.1069 0.0000
7508.9300 0.1069 0.0000
7513.9300 0.1069 0.0000
7518.9300 0.1069 0.0000
7523.9300 0.1069 0.0000
7528.9300 0.1069 0.0000
7533.9300 0.1069 0.0000
7538.9300 0.1069 0.0000
7543.9300 0.1069 0.0000
7548.9300 0.1069 0.0000
7553.9300 0.1069 0.0000
7558.9300 0.1069 0.0000
7563.9300 0.1069 0.0000
7568.9300 0.1069 0.0000
7573.9300 0.1069 0.0000
7578.9300 0.1069 0.0000
7583.9300 0.1069 0.0000
7588.9300 0.1069 0.0000
7593.9300 0.1069 0.0000
7598.9300 0.1069 0.0000
7603.9300 0.1069 0.0000
7608.9300 0.1069 0.0000
7613.9300 0.1069 0.0000
7618.9300 0.1069 0.0000
7623.9300 0.1069 0.0000
7628.9300 0.1069 0.0000
7633.9300 0.1069 0.0000
7638.9300 0.1069 0.0000
7643.9300 0.1069 0.0000
7648.9300 0.1069 0.0000
7653.9300 0.1069 0.0000
7658.9300 0.1069 0.0000
7663.9300 0.1069 0.0000
7668.9300 0.1069 0.0000
7673.9300 0.1069 0.0000
7678.9300 0.1069 0.0000
7683.9300 0.1069 0.0000
7688.9300 0.1069 0.0000
7693.9300 0.1069 0.0000
7698.9300 0.1069 0.0000
7703.9300 0.1069 0.0000
7708.9300 0.1069 0.0000
7713.9300 0.1069 0.0000
7718.9300 0.1069 0.0000
7723.9300 0.1069 0.0000
7728.9300 0.1069 0.0000
7733.9300 0.1069 0.0000
7738.9300 0.1069 0.0000
7743.9300 0.1069 0.0000
7748.9300 0.1069 0.0000
7753.9300 0.1069 0.0000
7758.9300 0.1069 0.0000
7763.9300 0.1069 0.0000
7768.9300 0.1069 0.0000
7773.9300 0.1069 0.0000
7778.9300 0.1069 0.0000
7783.9300 0.1069 0.0000
7788.9300 0.1069 0.0000
7793.9300 0.1069 0.0000
7798.9300 0.1069 0.0000
7803.9300 0.1069 0.0000
7808.9300 0.1069 0.0000
7813.9300 0.1069 0.0000
7818.9300 0.1069 0.0000
7823.9300 0.1069 0.0000
7828.9300 0.1069 0.0000
7833.9300 0.1069 0.0000
7838.9300 0.1069 0.0000
7843.9300 0.1069 0.0000
7848.9300 0.1069 0.0000
7853.9300 0.1069 0.0000
7858.9300 0.1069 0.0000
7863.9300 0.1069 0.0000
7868.9300 0.1069 0.0000
7873.9300 0.1069 0.0000
7878.9300 0.1069 0.0000
7883.9300 0.1069 0.0000
7888.9300 0.1069 0.0000
7893.9300 0.1069 0.0000
7898.9300 0.1069 0.0000
7903.9300 0.1069 0.0000
7908.9300 0.1069 0.0000
7913.9300 0.1069 0.0000
7918.9300 0.1069 0.0000
7923.9300 0.1069 0.0000
7928.9300 0.1069 0.0000
7933.9300 0.1069 0.0000
7938.9300 0.1069 0.0000
7943.9300 0.1069 0.0000
7948.9300 0.1069 0.0000
7953.9300 0.1069 0.0000
7958.9300 0.1069 0.0000
7963.9300 0.1069 0.0000
7968.9300 0.1069 0.0000
7973.9300 0.1069 0.0000
7978.9300 0.1069 0.0000
7983.9300 0.1069 0.0000
7988.9300 0.1069 0.0000
7993.9300 0.1069 0.0000
7998.9300 0.1069 0.0000
8003.9300 0.1069 0.0000
8008.9300 0.1069 0.0000
8013.9300 0.1069 0.0000
8018.9300 0.1069 0.0000
8023.9300 0.1069 0.0000
8028.9300 0.1069 0.0000
8033.9300 0.1069 0.0000
8038.9300 0.1069 0.0000
8043.9300 0.1069 0.0000
8048.9300 0.1069 0.0000
8053.9300 0.1069 0.0000
8058.9300 0.1069 0.0000
8063.9300 0.1069 0.0000
8068.9300 0.1069 0.0000
8073.9300 0.1069 0.0000
8078.9300 0.1069 0.0000
8083.9300 0.1069 0.0000
8088.9300 0.1069 0.0000
8093.9300 0.1069 0.0000
8098.9300 0.1069 0.0000
8103.9300 0.1069 0.0000
8108.9300 0.1069 0.0000
8113.9300 0.1069 0.0000
8118.9300 0.1069 0.0000
8123.9300 0.1069 0.0000
8128.9300 0.1069 0.0000
8133.9300 0.1069 0.0000
8138.9300 0.1069 0.0000
8143.9300 0.1069 0.0000
8148.9300 0.1069 0.0000
8153.9300 0.1069 0.0000
8158.9300 0.1069 0.0000
8163.9300 0.1069 0.0000
8168.9300 0.1069 0.0000
8173.9300 0.1069 0.0000
8178.9300 0.1069 0.0000
8183.9300 0.1069 0.0000
8188.9300 0.1069 0.0000
8193.9300 0.1069 0.0000
8198.9300 0.1069 0.0000
8203.9300 0.1069 0.0000
8208.9300 0.1069 0.0000
8213.9300 0.1069 0.0000
8218.9300 0.1069 0.0000
8223.9300 0.1069 0.0000
8228.9300 0.1069 0.0000
8233.9300 0.1069 0.0000
8238.9300 0.1069 0.0000
8243.9300 0.1069 0.0000
8248.9300 0.1069 0.0000
8253.9300 0.1069 0.0000
8258.9300 0.1069 0.0000
8263.9300 0.1069 0.0000
8268.9300 0.1069 0.0000
8273.9300 0.1069 0.0000
8278.9300 0.1069 0.0000
8283.9300 0.1069 0.0000
8288.9300 0.1069 0.0000
8293.9300 0.1069 0.0000
8298.9300 0.1069 0.0000
8303.9300 0.1069 0.0000
8308.9300 0.1069 0.0000
8313.9300 0.1069 0.0000
8318.9300 0.1069 0.0000
8323.9300 0.1069 0.0000
8328.9300 0.1069 0.0000
8333.9300 0.1069 0.0000
8338.9300 0.1069 0.0000
8343.9300 0.1069 0.0000
8348.9300 0.1069 0.0000
8353.9300 0.1069 0.0000
8358.9300 0.1069 0.0000
8363.9300 0.1069 0.0000
8368.9300 0.1069 0.0000
8373.9300 0.1069 0.0000
8378.9300 0.1069 0.0000
8383.9300 0.1069 0.0000
8388.9300 0.1069 0.0000
8393.9300 0.1069 0.0000
8398.9300 0.1069 0.0000
8403.9300 0.1069 0.0000
8408.9300 0.1069 0.0000
8413.9300 0.1069 0.0000
8418.9300 0.1069 0.0000
8423.9300 0.1069 0.0000
8428.9300 0.1069 0.0000
8433.9300 0.1069 0.0000
8438.9300 0.1069 0.0000
8443.9300 0.1069 0.0000
8448.9300 0.1069 0.0000
8453.9300 0.1069 0.0000
8458.9300 0.1069 0.0000
8463.9300 0.1069 0.0000
8468.9300 0.1069 0.0000
8473.9300 0.1069 0.0000
8478.9300 0.1069 0.0000
8483.9300 0.1069 0.0000
8488.9300 0.1069 0.0000
8493.9300 0.1069 0.0000
8498.9300 0.1069 0.0000
8503.9300 0.1069 0.0000
8508.9300 0.1069 0.0000
8513.9300 0.1069 0.0000
8518.9300 0.1069 0.0000
8523.9300 0.1069 0.0000
8528.9300 0.1069 0.0000
8533.9300 0.1069 0.0000
8538.9300 0.1069 0.0000
8543.9300 0.1069 0.0000
8548.9300 0.1069 0.0000
8553.9300 0.1069 0.0000
8558.9300 0.1069 0.0000
8563.9300 0.1069 0.0000
8568.9300 0.1069 0.0000
8573.9300 0.1069 0.0000
8578.9300 0.1069 0.0000
8583.9300 0.1069 0.0000
8588.9300 0.1069 0.0000
8593.9300 0.1069 0.0000
8598.9300 0.1069 0.0000
8603.9300 0.1069 0.0000
8608.9300 0.1069 0.0000
8613.9300 0.1069 0.0000
8618.9300 0.1069 0.0000
8623.9300 0.1069 0.0000
8628.9300 0.1069 0.0000
8633.9300 0.1069 0.0000
8638.9300 0.1069 0.0000
8643.9300 0.1069 0.0000
8648.9300 0.1069 0.0000
8653.9300 0.1069 0.0000
8658.9300 0.1069 0.0000
8663.9300 0.1069 0.0000
8668.9300 0.1069 0.0000
8673.9300 0.1069 0.0000
8678.9300 0.1069 0.0000
8683.9300 0.1069 0.0000
8688.9300 0.1069 0.0000
8693.9300 0.1069 0.0000
8698.9300 0.1069 0.0000
8703.9300 0.1069 0.0000
8708.9300 0.1069 0.0000
8713.9300 0.1069 0.0000
8718.9300 0.1069 0.0000
8723.9300 0.1069 0.0000
8728.9300 0.1069 0.0000
8733.9300 0.1069 0.0000
8738.9300 0.1069 0.0000
8743.9300 0.1069 0.0000
8748.9300 0.1069 0.0000
8753.9300 0.1069 0.0000
8758.9300 0.1069 0.0000
8763.9300 0.1069 0.0000
8768.9300 0.1069 0.0000
8773.9300 0.1069 0.0000
8778.9300 0.1069 0.0000
8783.9300 0.1069 0.0000
8788.9300 0.1069 0.0000
8793.9300 0.1069 0.0000
8798.9300 0.1069 0.0000
8803.9300 0.1069 0.0000
8808.9300 0.1069 0.0000
8813.9300 0.1069 0.0000
8818.9300 0.1069 0.0000
8823.9300 0.1069 0.0000
8828.9300 0.1069 0.0000
8833.9300 0.1069 0.0000
8838.9300 0.1069 0.0000
8843.9300 0.1069 0.0000
8848.9300 0.1069 0.0000
8853.9300 0.1069 0.0000
8858.9300 0.1069 0.0000
8863.9300 0.1069 0.0000
8868.9300 0.1069 0.0000
8873.9300 0.1069 0.0000
8878.9300 0.1069 0.0000
8883.9300 0.1069 0.0000
8888.9300 0.1069 0.0000
8893.9300 0.1069 0.0000
8898.9300 0.1069 0.0000
8903.9300 0.1069 0.0000
8908.9300 0.1069 0.0000
8913.9300 0.1069 0.0000
8918.9300 0.1069 0.0000
8923.9300 0.1069 0.0000
8928.9300 0.1069 0.0000
8933.9300 0.1069 0.0000
8938.9300 0.1069 0.0000
8943.9300 0.1069 0.0000
8948.9300 0.1069 0.0000
8953.9300 0.1069 0.0000
8958.9300 0.1069 0.0000
8963.9300 0.1069 0.0000
8968.9300 0.1069 0.0000
8973.9300 0.1069 0.0000
8978.9300 0.1069 0.0000
8983.9300 0.1069 0.0000
8988.9300 0.1069 0.0000
8993.9300 0.1069 0.0000
8998.9300 0.1069 0.0000
9003.9300 0.1069 0.0000
9008.9300 0.1069 0.0000
9013.9300 0.1069 0.0000
9018.9300 0.1069 0.0000
9023.9300 0.1069 0.0000
9028.9300 0.1069 0.0000
9033.9300 0.1069 0.0000
9038.9300 0.1069 0.0000
9043.9300 0.1069 0.0000
9048.9300 0.1069 0.0000
9053.9300 0.1069 0.0000
9058.9300 0.1069 0.0000
9063.9300 0.1069 0.0000
9068.9300 0.1069 0.0000
9073.9300 0.1069 0.0000
9078.9300 0.1069 0.0000
9083.9300 0.1069 0.0000
9088.9300 0.1069 0.0000
9093.9300 0.1069 0.0000
9098.9300 0.1069 0.0000
9103.9300 0.1069 0.0000
9108.9300 0.1069 0.0000
9113.9300 0.1072 0.0000
9118.9300 0.1072 0.0000
9123.9300 0.1072 0.0000
9128.9300 0.1072 0.0000
9133.9300 0.1072 0.0000
9138.9300 0.1072 0.0000
9143.9300 0.1072 0.0000
9148.9300 0.1072 0.0000
9153.9300 0.1072 0.0000
9158.9300 0.1072 0.0000
9163.9300 0.1072 0.0000
9168.9300 0.1072 0.0000
9173.9300 0.1072 0.0000
9178.9300 0.1072 0.0000
9183.9300 0.1072 0.0000
9188.9300 0.1072 0.0000
9193.9300 0.1072 0.0000
9198.9300 0.1072 0.0000
9203.9300 0.1072 0.0000
9208.9300 0.1072 0.0000
9213.9300 0.1072 0.0000
9218.9300 0.1072 0.0000
9223.9300 0.1072 0.0000
9228.9300 0.1072 0.0000
9233.9300 0.1072 0.0000
9238.9300 0.1072 0.0000
9243.9300 0.1072 0.0000
9248.9300 0.1072 0.0000
9253.9300 0.1072 0.0000
9258.9300 0.1072 0.0000
9263.9300 0.1072 0.0000
9268.9300 0.1072 0.0000
9273.9300 0.1072 0.0000
9278.9300 0.1072 0.0000
9283.9300 0.1072 0.0000
9288.9300 0.1072 0.0000
9293.9300 0.1072 0.0000
9298.9300 0.1072 0.0000
9303.9300 0.1072 0.0000
9308.9300 0.1072 0.0000
9313.9300 0.1072 0.0000
9318.9300 0.1072 0.0000
9323.9300 0.1072 0.0000
9328.9300 0.1072 0.0000
9333.9300 0.1072 0.0000
9338.9300 0.1072 0.0000
9343.9300 0.1072 0.0000
9348.9300 0.1072 0.0000
9353.9300 0.1072 0.0000
9358.9300 0.1072 0.0000
9363.9300 0.1072 0.0000
9368.9300 0.1072 0.0000
9373.9300 0.1072 0.0000
9378.9300 0.1072 0.0000
9383.9300 0.1072 0.0000
9388.9300 0.1072 0.0000
9393.9300 0.1072 0.0000
9398.9300 0.1072 0.0000
9403.9300 0.1072 0.0000
9408.9300 0.1072 0.0000
9413.9300 0.1072 0.0000
9418.9300 0.1072 0.0000
9423.9300 0.1072 0.0000
9428.9300 0.1072 0.0000
9433.9300 0.1072 0.0000
9438.9300 0.1072 0.0000
9443.9300 0.1072 0.0000
9448.9300 0.1072 0.0000
9453.9300 0.1072 0.0000
9458.9300 0.1072 0.0000
9463.9300 0.1072 0.0000
9468.9300 0.1072 0.0000
9473.9300 0.1072 0.0000
9478.9300 0.1072 0.0000
9483.9300 0.1072 0.0000
9488.9300 0.1072 0.0000
9493.9300 0.1072 0.0000
9498.9300 0.1072 0.0000
9503.9300 0.1072 0.0000
9508.9300 0.1072 0.0000
9513.9300 0.1072 0.0000
9518.9300 0.1072 0.0000
9523.9300 0.1072 0.0000
9528.9300 0.1072 0.0000
9533.9300 0.1072 0.0000
9538.9300 0.1072 0.0000
9543.9300 0.1072 0.0000
9548.9300 0.1072 0.0000
9553.9300 0.1072 0.0000
9558.9300 0.1072 0.0000
9563.9300 0.1072 0.0000
9568.9300 0.1072 0.0000
9573.9300 0.1072 0.0000
9578.9300 0.1072 0.0000
9583.9300 0.1072 0.0000
9588.9300 0.1072 0.0000
9593.9300 0.1072 0.0000
9598.9300 0.1072 0.0000
9603.9300 0.1072 0.0000
9608.9300 0.1072 0.0000
9613.9300 0.1072 0.0000
9618.9300 0.1072 0.0000
9623.9300 0.1072 0.0000
9628.9300 0.1072 0.0000
9633.9300 0.1072 0.0000
9638.9300 0.1072 0.0000
9643.9300 0.1072 0.0000
9648.9300 0.1072 0.0000
9653.9300 0.1072 0.0000
9658.9300 0.1072 0.0000
9663.9300 0.1072 0.0000
9668.9300 0.1072 0.0000
9673.9300 0.1072 0.0000
9678.9300 0.1072 0.0000
9683.9300 0.1072 0.0000
9688.9300 0.1072 0.0000
9693.9300 0.1072 0.0000
9698.9300 0.1072 0.0000
9703.9300 0.1072 0.0000
9708.9300 0.1072 0.0000
9713.9300 0.1072 0.0000
9718.9300 0.1072 0.0000
9723.9300 0.1072 0.0000
9728.9300 0.1072 0.0000
9733.9300 0.1072 0.0000
9738.9300 0.1072 0.0000
9743.9300 0.1072 0.0000
9748.9300 0.1072 0.0000
9753.9300 0.1072 0.0000
9758.9300 0.1072 0.0000
9763.9300 0.1072 0.0000
9768.9300 0.1072 0.0000
9773.9300 0.1072 0.0000
9778.9300 0.1072 0.0000
9783.9300 0.1072 0.0000
9788.9300 0.1072 0.0000
9793.9300 0.1072 0.0000
9798.9300 0.1072 0.0000
9803.9300 0.1072 0.0000
9808.9300 0.1072 0.0000
9813.9300 0.1072 0.0000
9818.9300 0.1072 0.0000
9823.9300 0.1072 0.0000
9828.9300 0.1072 0.0000
9833.9300 0.1072 0.0000
9838.9300 0.1072 0.0000
9843.9300 0.1072 0.0000
9848.9300 0.1072 0.0000
9853.9300 0.1072 0.0000
9858.9300 0.1072 0.0000
9863.9300 0.1072 0.0000
9868.9300 0.1072 0.0000
9873.9300 0.1072 0.0000
9878.9300 0.1072 0.0000
9883.9300 0.1072 0.0000
9888.9300 0.1072 0.0000
9893.9300 0.1072 0.0000
9898.9300 0.1072 0.0000
9903.9300 0.1072 0.0000
9908.9300 0.1072 0.0000
9913.9300 0.1072 0.0000
9918.9300 0.1072 0.0000
9923.9300 0.1072 0.0000
9928.9300 0.1072 0.0000
9933.9300 0.1072 0.0000
9938.9300 0.1072 0.0000
9943.9300 0.1072 0.0000
9948.9300 0.1072 0.0000
9953.9300 0.1072 0.0000
9958.9300 0.1072 0.0000
9963.9300 0.1072 0.0000
9968.9300 0.1072 0.0000
9973.9300 0.1072 0.0000
9978.9300 0.1072 0.0000
9983.9300 0.1072 0.0000
9988.9300 0.1072 0.0000
9993.9300 0.1072 0.0000
9998.9300 0.1072 0.0000
10003.9300 0.1072 0.0000
10008.9300 0.1072 0.0000
10013.9300 0.1072 0.0000
10018.9300 0.1072 0.0000
10023.9300 0.1072 0.0000
10028.9300 0.1072 0.0000
10033.9300 0.1072 0.0000
10038.9300 0.1072 0.0000
10043.9300 0.1072 0.0000
10048.9300 0.1072 0.0000
10053.9300 0.1072 0.0000
10058.9300 0.1072 0.0000
10063.9300 0.1072 0.0000
10068.9300 0.1072 0.0000
10073.9300 0.1072 0.0000
10078.9300 0.1072 0.0000
10083.9300 0.1072 0.0000
10088.9300 0.1072 0.0000
10093.9300 0.1072 0.0000
10098.9300 0.1072 0.0000
10103.9300 0.1072 0.0000
10108.9300 0.1072 0.0000
10113.9300 0.1072 0.0000
10118.9300 0.1072 0.0000
10123.9300 0.1072 0.0000
10128.9300 0.1072 0.0000
10133.9300 0.1072 0.0000
10138.9300 0.1072 0.0000
10143.9300 0.1072 0.0000
10148.9300 0.1072 0.0000
10153.9300 0.1072 0.0000
10158.9300 0.1072 0.0000
10163.9300 0.1072 0.0000
10168.9300 0.1072 0.0000
10173.9300 0.1072 0.0000
10178.9300 0.1072 0.0000
10183.9300 0.1072 0.0000
10188.9300 0.1072 0.0000
10193.9300 0.1072 0.0000
10198.9300 0.1072 0.0000
10203.9300 0.1072 0.0000
10208.9300 0.1072 0.0000
10213.9300 0.1072 0.0000
10218.9300 0.1072 0.0000
10223.9300 0.1072 0.0000
10228.9300 0.1072 0.0000
10233.9300 0.1072 0.0000
10238.9300 0.1072 0.0000
10243.9300 0.1072 0.0000
10248.9300 0.1072 0.0000
10253.9300 0.1072 0.0000
10258.9300 0.1072 0.0000
10263.9300 0.1072 0.0000
10268.9300 0.1072 0.0000
10273.9300 0.1072 0.0000
10278.9300 0.1072 0.0000
10283.9300 0.1072 0.0000
10288.9300 0.1072 0.0000
10293.9300 0.1072 0.0000
10298.9300 0.1072 0.0000
10303.9300 0.1072 0.0000
10308.9300 0.1072 0.0000
10313.9300 0.1072 0.0000
10318.9300 0.1072 0.0000
10323.9300 0.1072 0.0000
10328.9300 0.1072 0.0000
10333.9300 0.1072 0.0000
10338.9300 0.1072 0.0000
10343.9300 0.1072 0.0000
10348.9300 0.1072 0.0000
10353.9300 0.1072 0.0000
10358.9300 0.1072 0.0000
10363.9300 0.1072 0.0000
10368.9300 0.1072 0.0000
10373.9300 0.1072 0.0000
10378.9300 0.1072 0.0000
10383.9300 0.1072 0.0000
10388.9300 0.1072 0.0000
10393.9300 0.1072 0.0000
10398.9300 0.1072 0.0000
10403.9300 0.1072 0.0000
10408.9300 0.1072 0.0000
10413.9300 0.1072 0.0000
10418.9300 0.1072 0.0000
10423.9300 0.1072 0.0000
10428.9300 0.1072 0.0000
10433.9300 0.1072 0.0000
10438.9300 0.1072 0.0000
10443.9300 0.1072 0.0000
10448.9300 0.1072 0.0000
10453.9300 0.1072 0.0000
10458.9300 0.1072 0.0000
10463.9300 0.1072 0.0000
10468.9300 0.1072 0.0000
10473.9300 0.1072 0.0000
10478.9300 0.1072 0.0000
10483.9300 0.1072 0.0000
10488.9300 0.1072 0.0000
10493.9300 0.1072 0.0000
10498.9300 0.1072 0.0000
10503.9300 0.1072 0.0000
10508.9300 0.1072 0.0000
10513.9300 0.1072 0.0000
10518.9300 0.1072 0.0000
10523.9300 0.1072 0.0000
10528.9300 0.1072 0.0000
10533.9300 0.1072 0.0000
10538.9300 0.1072 0.0000
10543.9300 0.1072 0.0000
10548.9300 0.1072 0.0000
10553.9300 0.1072 0.0000
10558.9300 0.1072 0.0000
10563.9300 0.1072 0.0000
10568.9300 0.1072 0.0000
10573.9300 0.1072 0.0000
10578.9300 0.1072 0.0000
10583.9300 0.1072 0.0000
10588.9300 0.1072 0.0000
10593.9300 0.1072 0.0000
10598.9300 0.1072 0.0000
10603.9300 0.1072 0.0000
10608.9300 0.1072 0.0000
10613.9300 0.1072 0.0000
10618.9300 0.1072 0.0000
10623.9300 0.1072 0.0000
10628.9300 0.1072 0.0000
10633.9300 0.1072 0.0000
10638.9300 0.1072 0.0000
10643.9300 0.1072 0.0000
10648.9300 0.1072 0.0000
10653.9300 0.1072 0.0000
10658.9300 0.1072 0.0000
10663.9300 0.1072 0.0000
10668.9300 0.1072 0.0000
10673.9300 0.1072 0.0000
10678.9300 0.1072 0.0000
10683.9300 0.1072 0.0000
10688.9300 0.1072 0.0000
10693.9300 0.1072 0.0000
10698.9300 0.1072 0.0000
10703.9300 0.1072 0.0000
10708.9300 0.1072 0.0000
10713.9300 0.1072 0.0000
10718.9300 0.1072 0.0000
10723.9300 0.1072 0.0000
10728.9300 0.1072 0.0000
10733.9300 0.1072 0.0000
10738.9300 0.1072 0.0000
10743.9300 0.1072 0.0000
10748.9300 0.1072 0.0000
10753.9300 0.1072 0.0000
10758.9300 0.1072 0.0000
10763.9300 0.1072 0.0000
10768.9300 0.1072 0.0000
10773.9300 0.1072 0.0000
10778.9300 0.1072 0.0000
10783.9300 0.1072 0.0000
10788.9300 0.1072 0.0000
10793.9300 0.1072 0.0000
10798.9300 0.1072 0.0000
